noise type: uniform
noise level: 0
when_to_apply_epoch: 0
total clean data num: 54000
probability transition matrix:
[[1. 0. 0. 0. 0. 0. 0. 0. 0. 0.]
 [0. 1. 0. 0. 0. 0. 0. 0. 0. 0.]
 [0. 0. 1. 0. 0. 0. 0. 0. 0. 0.]
 [0. 0. 0. 1. 0. 0. 0. 0. 0. 0.]
 [0. 0. 0. 0. 1. 0. 0. 0. 0. 0.]
 [0. 0. 0. 0. 0. 1. 0. 0. 0. 0.]
 [0. 0. 0. 0. 0. 0. 1. 0. 0. 0.]
 [0. 0. 0. 0. 0. 0. 0. 1. 0. 0.]
 [0. 0. 0. 0. 0. 0. 0. 0. 1. 0.]
 [0. 0. 0. 0. 0. 0. 0. 0. 0. 1.]]
>> val epoch: 0
>> current accuracy: 98.1%
outputs: tensor([[7.6951e-07, 2.2723e-08, 5.5347e-08, 3.0382e-06, 8.2101e-08, 9.9986e-01,
         5.5471e-05, 2.8423e-08, 8.2091e-05, 2.7597e-06],
        [1.6028e-05, 5.6905e-06, 9.9975e-01, 3.8209e-05, 3.6909e-05, 1.0652e-06,
         3.1544e-05, 2.5816e-05, 8.3571e-05, 1.0922e-05],
        [7.4288e-06, 1.0295e-06, 3.1190e-06, 1.7613e-06, 9.0072e-06, 1.1841e-05,
         9.9996e-01, 1.0657e-08, 8.7009e-06, 1.2305e-06],
        [1.5326e-06, 5.3952e-08, 2.5146e-07, 9.1277e-06, 6.0181e-07, 9.9986e-01,
         7.0294e-05, 3.4668e-07, 3.1457e-05, 3.0135e-05],
        [2.1266e-04, 3.3540e-05, 2.7845e-03, 1.9094e-04, 2.3432e-02, 9.5279e-05,
         4.7121e-04, 2.6329e-04, 7.8833e-02, 8.9368e-01],
        [6.9363e-05, 6.4388e-04, 3.2174e-05, 6.0807e-06, 2.0189e-04, 4.9084e-06,
         7.1093e-07, 9.9837e-01, 1.6857e-05, 6.5127e-04],
        [2.8138e-04, 8.6439e-01, 1.2785e-01, 1.2679e-03, 2.2856e-03, 2.1860e-04,
         6.3783e-04, 2.2584e-03, 2.5714e-04, 5.5065e-04],
        [3.4965e-06, 4.4041e-05, 9.2731e-06, 2.5792e-05, 4.3047e-05, 1.1573e-06,
         9.7777e-08, 9.9804e-01, 6.1301e-06, 1.8273e-03],
        [2.4644e-06, 1.6479e-03, 5.2389e-05, 9.9679e-01, 2.2458e-05, 1.0908e-04,
         6.6239e-06, 1.1933e-03, 5.9414e-05, 1.1645e-04],
        [3.8413e-07, 9.9998e-01, 1.6779e-06, 5.6432e-07, 2.7354e-06, 3.6037e-07,
         9.1958e-07, 7.1355e-06, 3.0662e-07, 8.1941e-07],
        [7.7083e-09, 1.9396e-07, 1.3605e-07, 9.9989e-01, 3.6215e-08, 6.3411e-06,
         1.9344e-07, 1.7903e-06, 1.0177e-04, 3.7902e-06],
        [4.5585e-06, 2.2797e-05, 9.9972e-01, 1.0820e-04, 5.2685e-06, 1.4010e-06,
         3.7870e-05, 1.2896e-05, 7.7520e-05, 8.0220e-06],
        [1.0267e-04, 1.3863e-04, 1.6641e-05, 1.7612e-03, 2.3090e-04, 9.9542e-01,
         3.2001e-04, 5.7866e-04, 2.3690e-04, 1.1987e-03],
        [1.8327e-04, 6.4385e-04, 9.9527e-01, 1.1767e-03, 1.0220e-04, 3.9510e-05,
         9.6398e-04, 1.5130e-04, 1.3808e-03, 8.7642e-05],
        [5.0537e-07, 1.1808e-08, 1.4155e-06, 6.6774e-07, 4.6245e-05, 3.0704e-07,
         7.7948e-07, 1.3986e-06, 1.4347e-05, 9.9993e-01],
        [3.1942e-05, 5.7393e-06, 1.6815e-05, 1.1536e-05, 2.2984e-05, 3.0021e-04,
         9.9944e-01, 1.7022e-07, 1.6057e-04, 1.2514e-05],
        [6.1679e-04, 1.7480e-03, 3.3726e-04, 1.2210e-02, 7.5731e-03, 8.1227e-01,
         2.5917e-03, 5.3496e-03, 2.5162e-03, 1.5479e-01],
        [9.4353e-01, 8.6528e-05, 4.8940e-03, 7.8838e-04, 9.6957e-04, 8.5765e-04,
         2.0362e-02, 7.4697e-05, 1.5567e-02, 1.2875e-02],
        [2.7337e-06, 9.5068e-07, 4.6955e-06, 1.0671e-05, 8.7776e-04, 9.1480e-06,
         1.5305e-05, 2.3072e-05, 1.2556e-03, 9.9780e-01],
        [9.9961e-01, 8.3625e-06, 2.2295e-04, 3.5854e-06, 1.3407e-05, 2.1907e-06,
         8.0721e-05, 5.3095e-06, 2.5983e-05, 2.7144e-05],
        [1.5819e-05, 5.8351e-07, 9.1693e-06, 4.0674e-06, 4.2186e-06, 6.6055e-04,
         9.9922e-01, 4.4655e-08, 8.0736e-05, 6.4270e-06],
        [4.9089e-05, 3.4651e-05, 2.4589e-04, 1.5857e-05, 2.5783e-05, 1.8961e-06,
         5.4993e-07, 9.9752e-01, 5.6952e-05, 2.0502e-03],
        [4.5270e-05, 1.4363e-04, 9.5924e-05, 3.2741e-05, 2.9818e-05, 4.5075e-05,
         8.8259e-05, 8.9849e-06, 9.9924e-01, 2.7384e-04],
        [2.4088e-05, 4.0843e-05, 9.9777e-01, 6.4822e-04, 2.8745e-05, 1.3185e-04,
         8.0022e-04, 3.5157e-05, 5.0693e-04, 1.6389e-05],
        [8.2200e-05, 7.3567e-06, 4.4719e-05, 7.3777e-05, 7.8032e-05, 7.7858e-04,
         9.9874e-01, 4.4076e-07, 1.5014e-04, 4.1341e-05],
        [4.3649e-07, 9.9998e-01, 2.2383e-06, 6.7615e-07, 5.1350e-06, 2.8529e-07,
         8.9050e-07, 9.1708e-06, 2.8997e-07, 1.1758e-06],
        [9.9896e-01, 2.1642e-05, 2.1645e-04, 8.1579e-06, 2.0838e-04, 5.4143e-06,
         1.4231e-04, 2.9953e-05, 8.8920e-05, 3.1686e-04],
        [4.0298e-06, 2.8279e-07, 7.0563e-07, 1.1197e-05, 1.1218e-06, 9.9974e-01,
         6.2552e-05, 6.9136e-07, 1.4791e-04, 2.7547e-05],
        [2.5919e-05, 3.8437e-05, 9.9887e-01, 1.5672e-04, 4.7815e-04, 3.5604e-06,
         1.2361e-04, 5.1896e-05, 1.7929e-04, 7.5084e-05],
        [3.1165e-05, 1.2367e-05, 5.4695e-06, 7.7364e-04, 1.4427e-05, 9.9871e-01,
         2.9996e-04, 2.2911e-05, 6.5208e-05, 6.2506e-05],
        [8.4702e-05, 1.1114e-01, 1.4065e-04, 8.2317e-01, 9.7854e-04, 2.8489e-03,
         1.3629e-04, 3.7389e-02, 6.4884e-03, 1.7623e-02],
        [2.2582e-04, 3.4453e-02, 1.9795e-04, 1.3858e-04, 7.1789e-03, 8.6830e-05,
         1.5226e-05, 9.4681e-01, 1.7742e-04, 1.0713e-02],
        [1.0745e-06, 9.9994e-01, 1.0028e-05, 1.3736e-06, 2.0003e-05, 1.3840e-06,
         1.4636e-05, 5.0094e-06, 9.7259e-07, 2.2041e-06],
        [1.0646e-06, 1.3833e-06, 6.0469e-07, 5.2293e-08, 9.9991e-01, 3.4678e-07,
         1.5280e-06, 5.0042e-06, 1.7416e-06, 8.2683e-05],
        [5.1885e-07, 1.0960e-07, 8.1440e-07, 2.6540e-08, 9.9971e-01, 1.2221e-07,
         1.5711e-06, 1.1570e-06, 5.6438e-07, 2.8790e-04],
        [8.6473e-07, 4.7645e-05, 4.1301e-05, 9.9885e-01, 5.6654e-05, 1.0587e-04,
         8.6653e-06, 1.2885e-04, 4.3397e-04, 3.2678e-04],
        [1.2305e-04, 4.7892e-03, 5.6404e-05, 1.5613e-05, 1.2487e-04, 5.1100e-06,
         1.1696e-06, 9.9398e-01, 3.2519e-05, 8.7535e-04],
        [9.9920e-01, 1.9311e-05, 1.9571e-04, 6.0528e-06, 1.8170e-04, 4.0375e-06,
         1.2906e-04, 2.4667e-05, 5.7824e-05, 1.7899e-04],
        [1.8066e-04, 1.3554e-04, 3.0839e-04, 1.9701e-05, 1.8941e-02, 3.1558e-05,
         4.5505e-06, 9.5727e-01, 2.0195e-04, 2.2903e-02],
        [4.7667e-05, 1.0727e-05, 6.5241e-05, 1.0133e-05, 1.8311e-04, 5.1437e-05,
         9.9960e-01, 2.6868e-07, 2.1005e-05, 7.8251e-06],
        [2.5560e-07, 1.6732e-05, 6.2332e-06, 9.9956e-01, 1.1859e-05, 8.5156e-05,
         2.4115e-06, 5.6846e-05, 1.1524e-04, 1.4634e-04],
        [9.9954e-01, 5.5958e-06, 7.4528e-05, 1.8875e-06, 1.7213e-04, 2.4280e-06,
         8.2459e-05, 8.3707e-06, 1.4895e-05, 9.7680e-05],
        [4.6337e-08, 7.1400e-07, 6.0718e-07, 9.9965e-01, 3.4447e-07, 6.4440e-05,
         7.4621e-07, 5.8431e-06, 2.5579e-04, 1.7993e-05],
        [9.9592e-01, 4.6187e-05, 1.0483e-03, 3.0053e-05, 7.0390e-04, 2.6307e-05,
         7.1856e-04, 4.4794e-05, 1.9384e-04, 1.2657e-03],
        [9.8033e-01, 9.4310e-04, 1.9162e-03, 8.0747e-05, 1.1309e-02, 9.5248e-05,
         2.6269e-03, 1.8046e-04, 5.5008e-04, 1.9668e-03],
        [3.8655e-08, 7.8909e-07, 9.2568e-07, 9.9974e-01, 5.9125e-07, 3.1205e-05,
         6.3847e-07, 6.3903e-06, 1.9846e-04, 1.9240e-05],
        [4.6800e-06, 8.9250e-07, 2.4073e-04, 5.3281e-06, 6.9962e-06, 2.7899e-06,
         1.3167e-05, 8.2861e-07, 9.9957e-01, 1.5392e-04],
        [3.0505e-07, 2.8978e-08, 4.3024e-07, 1.3911e-06, 1.1183e-04, 7.1053e-07,
         6.9991e-07, 4.7395e-06, 3.0449e-05, 9.9985e-01]],
       device='cuda:0', grad_fn=<SoftmaxBackward>)
>> best accuracy: 98.1	best epoch: 0

>> final recovery rate: 100.0%
>> val epoch: 5
>> current accuracy: 99.18333333333334%
outputs: tensor([[2.9855e-06, 2.0551e-07, 9.9976e-01, 1.6394e-05, 1.4830e-05, 1.8561e-07,
         1.7394e-06, 7.2464e-05, 1.0586e-06, 1.2896e-04],
        [1.0005e-06, 9.9998e-01, 4.0531e-07, 9.6015e-08, 4.4706e-06, 3.3647e-07,
         3.3488e-06, 1.0315e-05, 8.5338e-07, 3.6209e-07],
        [1.8209e-05, 7.9864e-05, 2.0379e-05, 1.7364e-07, 9.9945e-01, 4.5802e-06,
         2.5672e-04, 2.1674e-05, 1.2255e-04, 2.4273e-05],
        [1.2287e-05, 1.2694e-04, 1.0647e-04, 9.9746e-01, 6.3425e-05, 6.0089e-05,
         6.3849e-06, 1.8643e-03, 2.6986e-05, 2.6870e-04],
        [1.2158e-04, 4.3666e-05, 1.0458e-03, 6.3019e-05, 1.2072e-04, 1.3142e-03,
         1.1640e-02, 4.3119e-05, 9.8463e-01, 9.8160e-04],
        [7.0075e-07, 2.9886e-05, 8.8962e-06, 4.8970e-07, 2.1868e-05, 1.5839e-07,
         3.5790e-08, 9.9993e-01, 6.6171e-07, 2.8245e-06],
        [9.9993e-01, 6.2617e-07, 1.1420e-05, 4.5372e-07, 1.4909e-06, 4.5747e-07,
         3.2387e-05, 1.0033e-06, 3.6473e-06, 1.3559e-05],
        [9.1109e-06, 4.8218e-05, 1.1807e-05, 9.9979e-01, 5.2280e-06, 3.1984e-05,
         4.8134e-06, 1.5245e-05, 1.2741e-05, 7.1200e-05],
        [1.4428e-06, 2.4842e-07, 6.7832e-08, 2.4952e-06, 4.2864e-07, 9.9999e-01,
         3.0504e-06, 5.2963e-07, 7.5675e-07, 2.8459e-06],
        [3.4826e-06, 7.2426e-05, 6.1522e-07, 3.2011e-07, 9.9977e-01, 5.1943e-06,
         8.3062e-06, 3.7789e-05, 5.2770e-06, 1.0030e-04],
        [4.4971e-07, 1.6295e-08, 1.0000e+00, 1.4437e-07, 1.9035e-07, 2.1845e-09,
         3.6765e-08, 4.1944e-07, 1.7666e-09, 6.0287e-08],
        [3.2390e-06, 3.4217e-06, 5.1008e-07, 1.9749e-05, 2.0227e-06, 9.9988e-01,
         6.6436e-05, 3.0202e-06, 4.1185e-06, 1.2815e-05],
        [4.2658e-07, 9.9999e-01, 1.3801e-07, 2.4005e-07, 2.0847e-06, 2.1568e-07,
         3.7375e-07, 6.0626e-06, 1.0252e-06, 7.6751e-07],
        [2.3526e-06, 2.5213e-07, 1.0901e-05, 1.7847e-06, 1.4971e-07, 3.4276e-07,
         2.4210e-06, 1.8439e-07, 9.9996e-01, 2.4089e-05],
        [1.0018e-05, 4.6529e-06, 2.2282e-06, 4.1570e-05, 4.7790e-06, 9.9980e-01,
         6.0103e-05, 2.0750e-05, 4.5163e-06, 4.6818e-05],
        [1.4678e-06, 9.9997e-01, 3.7149e-06, 1.6416e-07, 1.0810e-05, 9.6194e-07,
         1.0137e-05, 2.2950e-06, 1.4168e-06, 7.3205e-07],
        [2.0537e-05, 3.6667e-06, 9.7926e-06, 1.2335e-06, 6.0808e-06, 5.3241e-05,
         9.9988e-01, 2.2290e-07, 5.4129e-06, 2.1930e-05],
        [4.3646e-06, 1.3094e-05, 1.2490e-06, 2.1246e-07, 9.9954e-01, 1.4653e-06,
         1.5933e-05, 1.8321e-06, 7.3572e-06, 4.1166e-04],
        [2.0150e-06, 1.0598e-05, 1.9718e-05, 9.9991e-01, 4.7334e-06, 7.4417e-06,
         2.0930e-06, 1.2054e-05, 5.6934e-06, 2.2657e-05],
        [5.3581e-06, 6.5016e-07, 1.6425e-05, 7.4644e-06, 6.6451e-05, 4.2451e-06,
         1.4172e-06, 2.5339e-04, 2.7849e-05, 9.9962e-01],
        [9.9962e-01, 3.7223e-06, 2.9491e-05, 3.0312e-06, 6.9096e-06, 1.9566e-06,
         1.0334e-04, 8.0152e-06, 2.7200e-05, 1.9808e-04],
        [1.2416e-05, 1.1229e-05, 3.4367e-06, 1.2710e-04, 6.3314e-06, 9.9957e-01,
         1.5904e-05, 1.7183e-04, 6.5501e-06, 7.8784e-05],
        [4.2692e-02, 6.2179e-04, 9.5896e-03, 2.5224e-01, 1.2118e-03, 9.5913e-04,
         1.9731e-03, 2.7568e-04, 6.8599e-01, 4.4535e-03],
        [2.0303e-05, 4.6647e-07, 2.4487e-07, 5.1922e-06, 8.8941e-07, 9.9996e-01,
         1.0111e-05, 1.3366e-06, 1.4329e-06, 3.8140e-06],
        [5.0946e-04, 1.2194e-04, 5.1230e-02, 9.4510e-01, 1.6170e-04, 3.7089e-04,
         1.4092e-04, 1.2749e-03, 2.2824e-04, 8.6545e-04],
        [9.9974e-01, 8.2567e-07, 2.4984e-05, 2.2070e-06, 3.9896e-06, 1.4301e-06,
         5.3102e-05, 8.1886e-06, 1.2102e-05, 1.5665e-04],
        [6.3697e-07, 6.4032e-09, 1.0000e+00, 1.5569e-07, 1.1643e-07, 3.4790e-09,
         6.5155e-08, 1.9183e-07, 1.6320e-08, 3.2927e-07],
        [2.0520e-04, 4.4180e-04, 1.9758e-03, 9.7298e-01, 2.3866e-04, 2.1897e-03,
         1.2594e-04, 5.4412e-04, 1.3439e-03, 1.9958e-02],
        [2.9760e-06, 2.4764e-07, 1.3889e-07, 2.5821e-06, 2.3082e-07, 9.9999e-01,
         3.7093e-06, 1.5805e-06, 3.3747e-07, 3.1343e-06],
        [4.0604e-07, 1.1964e-05, 2.5821e-06, 8.4866e-08, 8.6486e-06, 2.8017e-08,
         9.0249e-09, 9.9997e-01, 1.9788e-07, 1.2630e-06],
        [6.8542e-06, 7.5960e-07, 5.8557e-07, 1.1136e-05, 3.4904e-06, 9.9993e-01,
         5.0672e-06, 5.4771e-06, 1.9763e-06, 3.4254e-05],
        [4.2766e-03, 8.2790e-05, 3.5614e-05, 1.9253e-05, 4.0158e-04, 2.0743e-03,
         9.9296e-01, 3.9129e-06, 7.5055e-05, 6.9556e-05],
        [1.6449e-06, 4.0386e-07, 1.0525e-05, 6.8352e-07, 1.0553e-06, 1.5180e-06,
         3.5020e-06, 2.3398e-07, 9.9996e-01, 1.6632e-05],
        [1.6044e-05, 3.1674e-03, 8.2859e-06, 9.9580e-06, 9.9508e-01, 4.9521e-05,
         4.5513e-05, 2.1348e-04, 1.0501e-04, 1.3052e-03],
        [1.8933e-05, 2.9125e-06, 1.8788e-05, 1.5438e-06, 1.3984e-05, 2.2060e-05,
         9.9988e-01, 2.1443e-07, 1.3930e-05, 2.3329e-05],
        [8.7616e-07, 3.8900e-06, 9.8253e-06, 9.9995e-01, 7.9794e-07, 3.9694e-06,
         6.3044e-07, 9.8744e-06, 6.3159e-06, 1.5335e-05],
        [2.9841e-05, 7.5429e-06, 1.1704e-04, 3.1327e-05, 8.0985e-06, 1.7106e-05,
         1.6006e-04, 2.7819e-06, 9.9945e-01, 1.7617e-04],
        [5.9098e-06, 1.0457e-05, 1.0597e-04, 9.9953e-01, 9.1290e-06, 4.1897e-05,
         5.3285e-06, 1.7926e-04, 6.8972e-05, 4.7956e-05],
        [5.1531e-06, 1.4435e-06, 3.2216e-06, 4.1360e-07, 7.6270e-06, 9.9738e-06,
         9.9997e-01, 4.7373e-08, 2.1598e-06, 4.8094e-06],
        [9.9988e-01, 1.0758e-06, 1.3480e-05, 8.9228e-07, 3.4652e-06, 7.9778e-07,
         3.1725e-05, 7.2861e-06, 1.0387e-05, 4.6703e-05],
        [9.3113e-07, 2.0648e-05, 1.2055e-05, 8.8518e-07, 4.9646e-06, 1.1079e-07,
         2.8562e-08, 9.9996e-01, 7.1311e-07, 4.2666e-06],
        [3.0674e-03, 7.2087e-03, 4.1152e-03, 2.9070e-03, 3.8155e-03, 1.6664e-02,
         4.6082e-04, 9.6069e-01, 5.0129e-04, 5.6567e-04],
        [2.3732e-05, 3.6826e-06, 7.9683e-05, 5.1634e-05, 1.1524e-06, 5.7073e-06,
         1.4319e-05, 1.1012e-06, 9.9967e-01, 1.5219e-04],
        [5.7071e-05, 9.9962e-01, 3.9024e-05, 2.2615e-06, 7.0746e-05, 8.2582e-06,
         9.9830e-05, 5.9034e-05, 3.4121e-05, 1.2423e-05],
        [9.9998e-01, 7.4535e-08, 4.9706e-07, 4.1010e-08, 6.3759e-07, 8.7316e-08,
         1.1985e-05, 2.2976e-07, 3.0596e-07, 4.0088e-06],
        [3.1368e-05, 9.9910e-01, 1.8169e-05, 3.9962e-04, 3.7784e-05, 3.8124e-05,
         7.4585e-06, 2.7038e-04, 1.8516e-05, 8.0135e-05],
        [9.5576e-06, 1.1941e-06, 1.0605e-05, 6.7362e-07, 6.3940e-06, 7.3081e-06,
         9.9994e-01, 7.0537e-08, 8.9468e-06, 1.0972e-05],
        [3.2766e-06, 1.3349e-07, 2.8346e-06, 1.7776e-06, 1.0614e-05, 1.2271e-06,
         4.7967e-07, 1.0876e-04, 1.0673e-05, 9.9986e-01]],
       device='cuda:0', grad_fn=<SoftmaxBackward>)
>> best accuracy: 99.18333333333334	best epoch: 5

>> final recovery rate: 99.41481481481482%
>> val epoch: 10
>> current accuracy: 99.28333333333333%
outputs: tensor([[9.9929e-01, 3.1636e-05, 1.7827e-04, 7.2383e-06, 8.8000e-05, 2.8138e-05,
         1.1784e-04, 5.4818e-05, 1.1955e-04, 8.5115e-05],
        [1.5542e-07, 8.8049e-07, 2.5416e-06, 9.9998e-01, 7.5974e-07, 2.3950e-06,
         6.9595e-07, 1.0743e-05, 2.0011e-06, 2.0391e-06],
        [2.5909e-05, 1.0266e-04, 9.0276e-03, 4.3676e-05, 1.9848e-04, 1.8854e-05,
         8.1294e-06, 9.9036e-01, 4.6490e-05, 1.7166e-04],
        [1.9303e-06, 8.3262e-06, 4.7214e-05, 9.9969e-01, 6.1352e-06, 9.6505e-05,
         5.1059e-06, 1.1032e-04, 1.2020e-05, 2.3204e-05],
        [8.1868e-07, 4.5589e-06, 5.3278e-06, 9.9984e-01, 5.9661e-06, 3.0215e-05,
         3.4696e-06, 3.9753e-05, 6.3198e-05, 7.0804e-06],
        [7.7514e-06, 1.4021e-04, 9.6929e-05, 9.9837e-01, 9.9830e-05, 2.9614e-04,
         1.5454e-05, 8.2362e-04, 3.1269e-05, 1.2351e-04],
        [9.9982e-01, 8.2321e-06, 1.9927e-05, 2.2147e-06, 6.8036e-06, 2.6880e-06,
         9.1262e-05, 9.4529e-06, 1.4589e-05, 2.2487e-05],
        [7.7802e-06, 4.8180e-06, 1.7560e-05, 8.2861e-06, 1.3197e-04, 4.8747e-05,
         2.5705e-05, 4.5949e-05, 8.2322e-05, 9.9963e-01],
        [1.5805e-07, 2.2508e-06, 1.5238e-06, 5.8024e-07, 1.4347e-06, 1.3029e-07,
         1.6034e-08, 9.9999e-01, 1.1017e-07, 9.9159e-07],
        [6.6819e-07, 4.3499e-06, 6.6503e-07, 6.2726e-08, 9.9999e-01, 3.6716e-07,
         2.5508e-06, 4.7393e-07, 3.6062e-07, 3.8429e-06],
        [6.4132e-06, 1.7263e-06, 1.3156e-05, 1.2516e-06, 2.4903e-06, 5.8330e-06,
         9.9995e-01, 1.5292e-07, 2.0675e-06, 1.5872e-05],
        [1.5403e-06, 2.2076e-06, 6.6299e-07, 2.7049e-05, 3.7452e-06, 9.9995e-01,
         9.4083e-06, 2.6203e-06, 7.4456e-07, 1.3796e-06],
        [9.9978e-01, 1.4419e-05, 1.3171e-05, 2.8650e-06, 5.5301e-05, 6.6576e-06,
         9.2114e-05, 6.9715e-06, 1.8030e-05, 8.2876e-06],
        [2.2948e-05, 2.1009e-05, 2.5387e-05, 2.3738e-06, 6.7762e-06, 1.6703e-05,
         9.9989e-01, 7.6216e-07, 7.1097e-06, 1.0026e-05],
        [9.9967e-01, 4.8013e-05, 1.8442e-05, 1.1355e-05, 2.9658e-05, 1.4224e-05,
         1.0106e-04, 3.5429e-05, 5.8040e-05, 1.1976e-05],
        [9.4698e-06, 3.1032e-04, 2.6660e-06, 2.0346e-06, 9.9916e-01, 1.1610e-05,
         3.5048e-05, 3.1073e-05, 6.8112e-06, 4.3451e-04],
        [1.4461e-05, 1.3275e-05, 8.5026e-06, 4.7676e-06, 8.1093e-06, 9.9979e-01,
         6.1867e-05, 4.9842e-06, 7.1871e-05, 2.3372e-05],
        [2.2492e-04, 2.6360e-03, 3.9090e-04, 3.4614e-04, 2.7717e-03, 3.9810e-04,
         2.1413e-04, 3.1725e-02, 9.6068e-01, 6.1554e-04],
        [9.2516e-07, 2.8131e-06, 4.8832e-06, 1.0645e-06, 3.6799e-06, 1.3400e-06,
         1.7395e-06, 3.0581e-07, 9.9998e-01, 3.4774e-06],
        [1.2433e-05, 4.6742e-06, 9.9994e-01, 8.3273e-06, 2.1803e-06, 2.0713e-06,
         1.4502e-05, 4.4151e-06, 6.5366e-06, 5.5425e-06],
        [1.1848e-05, 2.9143e-05, 1.3805e-05, 1.3502e-05, 2.3580e-04, 2.1185e-04,
         8.0575e-05, 3.3378e-05, 2.3092e-04, 9.9914e-01],
        [2.3346e-05, 9.0048e-05, 4.7387e-04, 9.9531e-01, 2.0225e-04, 1.6515e-04,
         3.1734e-05, 3.4588e-03, 5.3451e-05, 1.9482e-04],
        [1.1702e-06, 1.6703e-06, 6.9821e-06, 2.4890e-06, 3.9348e-07, 1.2585e-06,
         4.9357e-06, 2.3754e-07, 9.9997e-01, 1.5252e-05],
        [2.8174e-05, 2.5860e-06, 9.9995e-01, 6.8122e-06, 8.9746e-07, 3.5459e-06,
         4.7815e-06, 2.1794e-06, 4.5685e-06, 1.0988e-06],
        [1.4064e-05, 5.8293e-06, 1.8036e-05, 3.6228e-05, 2.0527e-04, 8.2102e-05,
         3.2140e-05, 4.6276e-05, 5.6845e-05, 9.9950e-01],
        [6.4710e-07, 9.9998e-01, 6.1519e-06, 2.8201e-07, 1.4213e-06, 4.3787e-07,
         1.2088e-06, 1.0605e-05, 2.4769e-06, 5.8098e-07],
        [9.4606e-07, 1.5666e-06, 5.2304e-07, 6.7912e-06, 7.7025e-07, 9.9997e-01,
         7.0848e-06, 5.7615e-07, 5.7508e-06, 1.6705e-06],
        [9.9990e-01, 7.0496e-06, 4.0994e-06, 2.0108e-06, 7.7688e-06, 2.4781e-06,
         4.8838e-05, 8.3448e-06, 1.5317e-05, 5.8387e-06],
        [9.9338e-01, 2.7804e-04, 1.1297e-04, 7.6934e-05, 1.6284e-04, 2.2235e-05,
         2.4455e-03, 2.4226e-05, 1.4506e-03, 2.0448e-03],
        [5.2120e-06, 3.1525e-06, 7.4843e-06, 8.6959e-06, 7.6259e-05, 2.9595e-05,
         1.9307e-05, 1.6974e-05, 4.5949e-05, 9.9979e-01],
        [9.9982e-01, 2.7057e-05, 1.1665e-05, 2.1515e-06, 4.0083e-05, 3.4108e-06,
         4.8554e-05, 1.9022e-05, 1.6924e-05, 9.1047e-06],
        [4.9243e-07, 1.6065e-07, 1.0000e+00, 9.3004e-07, 2.0177e-07, 6.9428e-08,
         1.7522e-06, 3.5840e-07, 2.4614e-07, 2.9385e-07],
        [6.1485e-07, 9.9992e-01, 1.5563e-06, 7.3411e-07, 1.5365e-06, 9.0774e-07,
         1.0938e-06, 7.2035e-05, 3.0899e-06, 7.4892e-07],
        [1.5177e-06, 1.6229e-06, 9.9998e-01, 5.5572e-06, 7.2741e-07, 5.4511e-07,
         1.3117e-06, 8.6639e-06, 1.3871e-06, 6.9103e-07],
        [9.6041e-07, 7.1381e-06, 1.3027e-06, 3.2913e-07, 9.9998e-01, 1.1874e-06,
         4.5833e-06, 1.0426e-06, 3.9667e-06, 3.7107e-06],
        [7.9418e-07, 2.3704e-06, 9.9998e-01, 3.7873e-06, 1.1118e-06, 2.2604e-07,
         1.4420e-06, 1.0935e-05, 1.1386e-06, 3.6999e-07],
        [7.7952e-06, 1.1192e-06, 3.4325e-06, 3.4207e-06, 6.0346e-05, 8.3568e-06,
         1.0480e-05, 9.7323e-06, 1.1401e-05, 9.9988e-01],
        [4.3563e-02, 2.7164e-03, 9.4324e-04, 1.4455e-04, 1.6481e-04, 7.2544e-04,
         1.9797e-04, 9.5112e-01, 3.2301e-04, 1.0419e-04],
        [1.4001e-04, 1.9422e-04, 7.5679e-05, 2.5317e-05, 3.7594e-05, 6.4117e-04,
         9.9811e-01, 1.2169e-05, 6.3606e-04, 1.2641e-04],
        [5.6547e-07, 9.9995e-01, 3.1465e-06, 9.8821e-07, 1.0536e-06, 1.0659e-06,
         1.0127e-06, 3.8904e-05, 2.4226e-06, 6.9582e-07],
        [5.3315e-05, 1.5844e-05, 5.1431e-05, 8.3742e-05, 7.3969e-04, 3.5786e-05,
         5.8070e-05, 4.5428e-05, 1.4723e-04, 9.9877e-01],
        [9.9731e-01, 1.1816e-04, 5.0141e-04, 1.1041e-04, 6.8471e-05, 8.0210e-05,
         4.9084e-04, 5.0539e-04, 5.7181e-04, 2.4448e-04],
        [4.6923e-06, 1.4086e-06, 5.4257e-06, 4.2096e-06, 6.3921e-05, 1.6150e-05,
         1.0576e-05, 8.4208e-06, 2.6635e-05, 9.9986e-01],
        [1.2582e-06, 4.3406e-06, 2.0038e-05, 9.9982e-01, 6.0884e-06, 6.2891e-05,
         4.3513e-06, 3.9907e-05, 2.5090e-05, 1.5324e-05],
        [9.9828e-01, 1.4920e-04, 2.6675e-04, 8.9755e-06, 6.9223e-04, 1.9814e-05,
         4.1133e-04, 5.2103e-05, 5.1143e-05, 6.4308e-05],
        [6.2637e-06, 2.5238e-06, 9.0141e-06, 1.2076e-05, 1.0918e-04, 1.5305e-05,
         1.8780e-05, 3.1352e-05, 2.3901e-05, 9.9977e-01],
        [1.6377e-06, 1.7287e-06, 1.4634e-06, 2.2879e-06, 1.1581e-06, 9.9997e-01,
         8.8037e-06, 1.5232e-06, 2.9186e-06, 4.0439e-06],
        [9.0355e-07, 2.0053e-06, 2.5429e-07, 1.7216e-06, 1.0503e-06, 9.9999e-01,
         2.9615e-06, 1.8822e-06, 4.6885e-07, 5.7046e-07]],
       device='cuda:0', grad_fn=<SoftmaxBackward>)
>> best accuracy: 99.28333333333333	best epoch: 10

>> final recovery rate: 99.44074074074074%
>> val epoch: 15
>> current accuracy: 99.23333333333333%
outputs: tensor([[5.3513e-06, 3.3903e-06, 6.1635e-05, 9.9983e-01, 1.9337e-06, 1.2319e-05,
         4.1309e-06, 6.4033e-05, 1.0815e-05, 7.4008e-06],
        [1.2365e-06, 9.6567e-08, 9.9999e-01, 8.4279e-07, 3.6752e-07, 1.4590e-07,
         3.5893e-07, 1.0612e-05, 1.8211e-07, 1.0953e-06],
        [2.2815e-05, 2.4398e-07, 3.7328e-06, 5.7557e-06, 2.0194e-07, 1.2619e-06,
         5.8630e-06, 1.1718e-07, 9.9995e-01, 7.9663e-06],
        [6.0067e-04, 9.9208e-01, 1.3423e-03, 1.0247e-04, 2.3063e-03, 1.0357e-03,
         1.6359e-03, 5.6207e-04, 2.2047e-04, 1.1894e-04],
        [1.7479e-04, 2.9686e-05, 2.7814e-05, 1.0655e-05, 9.9402e-01, 3.2070e-05,
         3.8742e-05, 2.1946e-04, 4.2505e-05, 5.4045e-03],
        [9.5219e-05, 1.9206e-05, 1.1032e-04, 1.8922e-05, 3.7248e-05, 5.4493e-05,
         9.9954e-01, 3.9530e-06, 6.7663e-05, 5.6965e-05],
        [2.3171e-05, 2.5669e-06, 1.0167e-05, 3.4872e-06, 9.9297e-06, 1.2996e-05,
         9.9992e-01, 3.5647e-07, 8.9679e-06, 4.9631e-06],
        [9.0208e-02, 3.8244e-04, 8.6058e-03, 4.6185e-04, 1.4164e-02, 2.2792e-02,
         8.4259e-01, 6.2720e-04, 1.0815e-03, 1.9087e-02],
        [8.1428e-06, 9.9985e-01, 2.7612e-05, 6.8982e-06, 1.1922e-05, 1.7005e-05,
         9.5534e-06, 5.6793e-05, 7.6495e-06, 7.7294e-06],
        [1.1854e-05, 9.9976e-01, 1.4504e-05, 1.3248e-05, 3.1564e-05, 3.3087e-05,
         1.2176e-05, 7.8425e-05, 2.7507e-05, 1.2832e-05],
        [6.5932e-05, 2.6065e-05, 2.4730e-05, 1.1554e-05, 9.9954e-01, 1.6758e-05,
         3.5431e-05, 4.0277e-05, 8.0183e-05, 1.5898e-04],
        [2.1246e-05, 6.3765e-06, 3.6139e-05, 6.5993e-06, 9.9978e-01, 1.6300e-05,
         1.0443e-05, 4.5117e-05, 1.2384e-05, 6.2774e-05],
        [2.6957e-05, 4.4310e-05, 1.6463e-04, 9.9950e-01, 6.5408e-06, 5.8197e-05,
         1.5784e-05, 1.6180e-04, 1.1678e-05, 1.0605e-05],
        [5.4994e-05, 3.6772e-06, 3.5960e-05, 1.0342e-05, 2.2079e-05, 4.4943e-05,
         9.9974e-01, 1.5936e-06, 2.5731e-05, 6.3836e-05],
        [1.0525e-04, 9.9894e-01, 3.4692e-04, 2.0027e-05, 1.0303e-04, 8.2563e-05,
         1.3518e-04, 1.9380e-04, 5.3491e-05, 1.8470e-05],
        [3.9437e-04, 5.9316e-05, 2.0208e-04, 2.2282e-04, 1.0964e-05, 3.7860e-04,
         3.2787e-05, 4.3371e-05, 9.9855e-01, 1.1045e-04],
        [6.1451e-05, 7.1158e-06, 2.0822e-05, 7.2198e-06, 2.4773e-05, 2.7593e-05,
         9.9982e-01, 1.0972e-06, 1.4205e-05, 1.1650e-05],
        [1.8684e-05, 3.3086e-06, 1.3124e-05, 7.5021e-06, 3.9604e-06, 9.9991e-01,
         2.2847e-05, 1.3049e-05, 5.9085e-06, 5.7564e-06],
        [1.2508e-06, 4.0868e-07, 1.8854e-06, 2.8005e-07, 1.0007e-06, 4.3008e-07,
         2.2083e-08, 9.9999e-01, 1.1195e-07, 4.9072e-06],
        [1.8268e-05, 1.2565e-06, 4.2349e-06, 3.1037e-06, 1.9600e-06, 9.9995e-01,
         5.9651e-06, 6.1077e-06, 3.1060e-06, 2.6958e-06],
        [4.1418e-05, 6.5992e-06, 2.5234e-05, 9.5949e-06, 2.0100e-05, 7.3045e-05,
         9.9978e-01, 1.7117e-06, 1.7955e-05, 2.2967e-05],
        [1.0792e-05, 5.0971e-06, 9.1456e-05, 9.9933e-01, 1.5618e-05, 3.1848e-05,
         4.4266e-06, 4.7883e-04, 1.1823e-05, 2.0727e-05],
        [2.3356e-05, 2.2243e-06, 3.1161e-06, 8.1242e-06, 6.1595e-06, 9.9992e-01,
         1.9906e-05, 8.6594e-06, 4.8345e-06, 4.5844e-06],
        [2.1857e-05, 9.9967e-01, 6.8065e-05, 9.3721e-06, 5.1342e-05, 3.8593e-05,
         5.6132e-05, 4.5528e-05, 2.4296e-05, 1.9293e-05],
        [3.1121e-05, 1.9345e-05, 8.4502e-06, 3.8253e-05, 2.8710e-06, 2.0167e-05,
         2.8477e-05, 2.8276e-06, 9.9983e-01, 2.2022e-05],
        [8.1876e-05, 9.9895e-01, 1.5490e-04, 2.9942e-05, 1.9955e-04, 1.7051e-04,
         1.1049e-04, 2.2976e-04, 5.2404e-05, 2.1908e-05],
        [1.9231e-05, 3.1986e-06, 1.9934e-05, 6.6440e-06, 2.5303e-04, 2.5589e-05,
         4.3454e-06, 1.6178e-04, 3.2692e-05, 9.9947e-01],
        [5.3077e-04, 1.3402e-05, 1.8674e-03, 1.9598e-04, 7.9275e-05, 1.2450e-05,
         6.2896e-05, 1.1448e-05, 9.9690e-01, 3.2467e-04],
        [5.0136e-05, 6.8215e-06, 8.0655e-06, 2.7379e-05, 6.8954e-07, 8.5998e-06,
         2.8035e-05, 1.2366e-06, 9.9983e-01, 4.3143e-05],
        [1.4855e-04, 9.9851e-01, 1.7066e-04, 2.6092e-05, 1.8345e-04, 1.2444e-04,
         1.6096e-04, 5.6060e-04, 9.0931e-05, 2.3499e-05],
        [2.2607e-04, 2.3629e-05, 2.5959e-04, 7.5034e-06, 9.9888e-01, 6.1283e-05,
         2.6273e-04, 5.2933e-05, 2.4151e-05, 2.0413e-04],
        [9.9998e-01, 5.3404e-08, 1.0710e-06, 1.0013e-07, 5.8447e-07, 1.0864e-07,
         2.5936e-06, 1.2805e-06, 1.9159e-07, 1.3034e-05],
        [4.8185e-05, 1.1054e-05, 2.2146e-05, 1.1716e-05, 5.1857e-04, 2.2587e-05,
         1.7642e-05, 6.9299e-05, 6.5493e-05, 9.9921e-01],
        [2.3969e-04, 9.9243e-01, 2.1742e-04, 4.8495e-04, 2.6269e-03, 1.6277e-03,
         2.2666e-04, 7.2728e-04, 3.9841e-04, 1.0185e-03],
        [2.0817e-04, 8.8256e-05, 7.3166e-04, 6.2667e-05, 7.1213e-05, 1.5910e-03,
         9.9672e-01, 4.2043e-05, 3.6132e-04, 1.2323e-04],
        [4.0778e-06, 1.6821e-07, 2.1454e-06, 7.9620e-07, 2.0694e-05, 1.0910e-06,
         7.6921e-07, 1.4476e-05, 5.2625e-06, 9.9995e-01],
        [6.5313e-05, 3.6076e-05, 7.5502e-05, 1.9618e-05, 8.1446e-06, 4.8572e-04,
         2.1902e-04, 1.3175e-05, 9.9899e-01, 8.3896e-05],
        [3.7671e-06, 3.4596e-06, 2.5672e-05, 9.9992e-01, 5.9744e-07, 1.1230e-05,
         2.6780e-06, 2.3992e-05, 3.9668e-06, 2.5671e-06],
        [1.1807e-03, 7.9339e-01, 1.3273e-01, 8.1764e-04, 2.7225e-04, 5.3265e-04,
         3.9823e-04, 6.9509e-02, 4.7656e-04, 6.8376e-04],
        [9.7239e-07, 3.2784e-07, 2.4057e-06, 2.6896e-07, 7.0092e-07, 2.7681e-07,
         2.2119e-08, 9.9999e-01, 1.2111e-07, 4.3149e-06],
        [1.0418e-05, 5.7915e-06, 1.2316e-03, 9.9808e-01, 2.2523e-05, 4.6008e-05,
         8.0848e-06, 5.3365e-04, 1.9695e-05, 4.3561e-05],
        [9.9996e-01, 2.7535e-07, 1.0123e-05, 6.3693e-07, 1.7602e-06, 2.9783e-06,
         9.6277e-06, 5.9479e-06, 7.9287e-07, 2.8501e-06],
        [1.3080e-05, 3.7416e-06, 9.2415e-06, 1.9040e-06, 9.9991e-01, 4.7550e-06,
         5.6639e-06, 2.1412e-05, 3.4620e-06, 2.5686e-05],
        [6.8600e-05, 9.9922e-01, 1.4898e-04, 2.3028e-05, 1.4347e-04, 1.1021e-04,
         8.2787e-05, 1.4234e-04, 4.4685e-05, 1.8402e-05],
        [7.7672e-06, 3.0754e-07, 1.6905e-06, 2.2723e-06, 4.7346e-05, 1.4351e-06,
         1.4417e-06, 7.5660e-06, 2.9182e-06, 9.9993e-01],
        [1.1657e-04, 1.7999e-05, 8.2191e-04, 9.9833e-01, 2.5438e-05, 5.7741e-05,
         1.6971e-05, 4.9546e-04, 7.6896e-05, 4.1733e-05],
        [4.2765e-05, 4.1676e-06, 3.2148e-05, 1.6072e-05, 1.1302e-06, 4.3132e-06,
         1.0487e-05, 1.8028e-06, 9.9967e-01, 2.1656e-04],
        [2.7302e-05, 9.9961e-01, 5.3317e-05, 1.6208e-05, 6.3461e-05, 5.9497e-05,
         3.5830e-05, 7.3677e-05, 3.6068e-05, 2.1048e-05]],
       device='cuda:0', grad_fn=<SoftmaxBackward>)
>> best accuracy: 99.28333333333333	best epoch: 10

>> final recovery rate: 99.44074074074074%
>> val epoch: 20
>> current accuracy: 99.33333333333333%
outputs: tensor([[1.6150e-05, 3.5632e-05, 6.7129e-06, 2.5748e-06, 9.9985e-01, 7.8273e-06,
         1.3424e-05, 2.5654e-05, 5.5574e-06, 3.3794e-05],
        [1.0488e-05, 3.0149e-05, 2.9464e-05, 6.3245e-06, 8.6112e-06, 5.5406e-06,
         1.5081e-06, 9.9987e-01, 4.5551e-06, 2.8721e-05],
        [2.1485e-05, 1.3697e-05, 5.3665e-05, 9.9981e-01, 6.6782e-06, 2.0019e-05,
         1.5087e-05, 1.7858e-05, 2.7980e-05, 1.5506e-05],
        [1.0734e-05, 6.5023e-06, 5.3591e-05, 9.9981e-01, 7.0551e-06, 1.0066e-05,
         1.1692e-05, 2.5157e-05, 4.8201e-05, 1.8309e-05],
        [9.9951e-01, 1.0896e-05, 2.2366e-05, 1.9118e-05, 1.0031e-04, 6.1063e-05,
         1.0653e-04, 1.7359e-05, 1.3765e-04, 1.9478e-05],
        [5.0484e-05, 6.2183e-06, 1.3648e-05, 2.5079e-06, 6.2506e-06, 2.6452e-06,
         9.9986e-01, 1.2143e-06, 2.7988e-05, 2.6840e-05],
        [1.0828e-05, 9.9988e-01, 1.4498e-05, 4.7159e-06, 7.8702e-06, 5.8337e-06,
         1.2939e-05, 3.3255e-05, 2.2274e-05, 1.1453e-05],
        [6.5020e-05, 1.2255e-04, 2.7953e-05, 1.9851e-05, 9.9934e-01, 3.4107e-05,
         5.1273e-05, 5.6315e-05, 3.8210e-05, 2.4245e-04],
        [7.9337e-06, 6.5011e-07, 3.9356e-06, 1.3367e-06, 1.7121e-05, 3.8273e-06,
         4.5218e-06, 1.2208e-05, 5.1064e-06, 9.9994e-01],
        [1.5944e-05, 1.2448e-05, 9.9974e-01, 2.6342e-05, 1.4308e-05, 4.3214e-06,
         1.2972e-04, 2.3289e-05, 1.5472e-05, 1.8701e-05],
        [1.3128e-05, 2.2928e-05, 5.5186e-06, 1.6919e-06, 9.9988e-01, 4.7505e-06,
         1.2299e-05, 2.0676e-05, 6.0906e-06, 3.6292e-05],
        [1.9402e-05, 9.9976e-01, 1.7362e-05, 8.2687e-06, 2.0165e-05, 1.2813e-05,
         2.2759e-05, 9.2503e-05, 2.2882e-05, 1.9225e-05],
        [1.3790e-05, 2.1141e-05, 5.3970e-05, 1.2974e-05, 1.0717e-05, 1.1735e-05,
         2.8261e-06, 9.9974e-01, 5.5776e-06, 1.2561e-04],
        [2.5766e-04, 3.7720e-05, 6.3909e-05, 4.7476e-05, 3.7262e-05, 7.8829e-05,
         9.9937e-01, 9.4198e-06, 3.6803e-05, 5.6158e-05],
        [1.5531e-06, 1.2372e-06, 5.0682e-06, 6.9593e-07, 1.6086e-06, 5.2630e-07,
         8.6349e-06, 1.6707e-06, 9.9996e-01, 2.0263e-05],
        [2.3109e-05, 2.3820e-05, 4.1976e-05, 7.2445e-06, 2.7351e-05, 2.5800e-05,
         2.7378e-05, 5.1736e-05, 9.9973e-01, 3.7700e-05],
        [6.2611e-05, 2.2600e-05, 3.5561e-05, 1.3000e-04, 3.2484e-05, 9.9943e-01,
         9.2149e-05, 2.6473e-05, 5.7593e-05, 1.1196e-04],
        [3.9239e-06, 4.7775e-06, 9.9995e-01, 8.1588e-06, 6.9849e-06, 1.3433e-06,
         1.2638e-05, 7.8617e-06, 2.8301e-06, 2.9870e-06],
        [1.1615e-05, 3.3789e-06, 7.7827e-06, 2.6477e-06, 8.3799e-06, 2.6508e-06,
         9.9994e-01, 6.0618e-07, 1.0770e-05, 9.2248e-06],
        [6.5008e-06, 1.0972e-06, 4.3942e-06, 1.4772e-06, 1.3640e-05, 5.3616e-06,
         6.1466e-06, 5.2354e-05, 7.7049e-06, 9.9990e-01],
        [8.6377e-05, 5.1637e-05, 5.8254e-05, 2.9334e-04, 6.9006e-05, 9.9872e-01,
         2.2668e-04, 4.2425e-05, 1.3267e-04, 3.1510e-04],
        [2.4882e-05, 4.3107e-05, 2.6274e-05, 7.1977e-06, 9.9970e-01, 1.2128e-05,
         2.1174e-05, 2.0612e-05, 1.5601e-05, 1.3055e-04],
        [9.9992e-01, 3.7368e-06, 1.3503e-05, 2.1786e-06, 1.0211e-05, 4.2876e-06,
         2.6751e-05, 6.8552e-06, 3.3486e-06, 8.8612e-06],
        [5.7037e-05, 3.6960e-06, 2.0111e-05, 8.2179e-06, 2.8289e-04, 2.6638e-04,
         4.2697e-05, 6.7690e-05, 4.1334e-05, 9.9921e-01],
        [4.3169e-05, 5.2050e-05, 1.5996e-04, 6.5943e-04, 2.2435e-05, 9.9826e-01,
         4.1550e-04, 3.9420e-05, 3.0652e-04, 4.5382e-05],
        [2.3027e-05, 3.0568e-05, 2.2325e-05, 1.2735e-04, 1.4220e-05, 9.9954e-01,
         1.3650e-04, 1.6952e-05, 5.4717e-05, 3.5835e-05],
        [1.2218e-05, 9.7149e-06, 1.0890e-05, 1.5916e-06, 9.9979e-01, 6.1586e-06,
         2.4627e-05, 9.4588e-06, 1.9126e-05, 1.1444e-04],
        [4.4506e-05, 3.4720e-05, 7.5488e-05, 1.9743e-04, 2.5422e-05, 9.9928e-01,
         1.2622e-04, 4.3488e-05, 6.2519e-05, 1.0712e-04],
        [1.2814e-05, 1.2442e-05, 2.0551e-05, 1.1883e-05, 7.9254e-06, 6.5732e-06,
         1.9801e-06, 9.9990e-01, 3.4144e-06, 2.5307e-05],
        [7.1983e-06, 8.2653e-07, 4.8954e-06, 1.7658e-06, 1.3062e-05, 4.4363e-06,
         6.6409e-06, 2.5668e-05, 7.0384e-06, 9.9993e-01],
        [1.0051e-05, 9.9991e-01, 1.3503e-05, 3.3064e-06, 8.9536e-06, 4.2668e-06,
         1.0674e-05, 1.7565e-05, 9.8851e-06, 1.1754e-05],
        [9.9990e-01, 6.6772e-06, 2.0524e-05, 3.8174e-06, 6.0847e-06, 9.9731e-06,
         1.8786e-05, 1.2852e-05, 1.5772e-05, 7.9733e-06],
        [9.9987e-01, 6.1319e-06, 2.0266e-05, 7.6398e-06, 8.5450e-06, 1.5429e-05,
         2.5074e-05, 1.9013e-05, 2.1663e-05, 1.0369e-05],
        [9.9064e-06, 1.0846e-05, 3.4308e-05, 9.9982e-01, 6.9232e-06, 1.2370e-05,
         1.0554e-05, 2.4488e-05, 5.1172e-05, 2.1607e-05],
        [2.7348e-05, 3.1166e-05, 4.0834e-05, 1.6428e-04, 1.3506e-05, 9.9944e-01,
         1.7211e-04, 3.5199e-05, 2.9774e-05, 4.1096e-05],
        [1.6451e-05, 9.9984e-01, 2.5355e-05, 6.4572e-06, 1.7742e-05, 7.4842e-06,
         1.5511e-05, 3.1670e-05, 1.7251e-05, 2.3447e-05],
        [6.1387e-06, 3.7944e-06, 9.9990e-01, 1.6488e-05, 6.1765e-06, 2.3099e-06,
         3.5016e-05, 1.7001e-05, 4.6275e-06, 7.3998e-06],
        [9.5542e-05, 3.8505e-05, 1.2116e-04, 2.5291e-04, 3.6438e-05, 9.9836e-01,
         3.6618e-04, 5.2003e-05, 3.9739e-04, 2.8033e-04],
        [2.1354e-06, 2.6996e-06, 5.2911e-06, 5.4325e-07, 7.7872e-06, 7.5616e-07,
         8.5901e-06, 2.2549e-06, 9.9996e-01, 1.1442e-05],
        [9.5964e-06, 6.4551e-06, 1.1610e-04, 9.9975e-01, 1.1973e-05, 1.1361e-05,
         2.0432e-05, 2.0327e-05, 4.1110e-05, 1.1435e-05],
        [7.4282e-05, 4.7721e-05, 1.0421e-04, 9.9942e-01, 1.5546e-05, 4.9234e-05,
         4.0625e-05, 8.2142e-05, 1.2804e-04, 3.5511e-05],
        [5.5013e-05, 7.6787e-05, 2.0830e-04, 1.2699e-03, 2.6883e-05, 9.9724e-01,
         7.4895e-04, 6.2721e-05, 2.6160e-04, 4.9180e-05],
        [1.1802e-05, 8.7569e-06, 1.6541e-05, 1.0242e-05, 8.6866e-06, 5.7500e-06,
         1.4973e-06, 9.9990e-01, 2.2226e-06, 3.0725e-05],
        [1.2608e-05, 9.9988e-01, 1.4612e-05, 4.7194e-06, 1.4513e-05, 3.9496e-06,
         1.2323e-05, 2.0179e-05, 1.8360e-05, 2.0433e-05],
        [8.1380e-06, 9.9991e-01, 2.0503e-05, 3.1051e-06, 5.1074e-06, 5.4680e-06,
         1.8196e-05, 1.3016e-05, 1.1447e-05, 6.3643e-06],
        [1.0443e-06, 1.2735e-06, 1.5056e-06, 6.2282e-07, 9.4446e-07, 1.2219e-06,
         4.0419e-06, 8.7515e-07, 9.9998e-01, 7.8164e-06],
        [9.9991e-01, 2.9908e-06, 1.4632e-05, 4.1893e-06, 5.6162e-06, 4.7311e-06,
         2.6515e-05, 8.9775e-06, 9.6379e-06, 1.5724e-05],
        [2.9076e-05, 1.6896e-05, 8.7244e-05, 9.9966e-01, 1.4070e-05, 1.7178e-05,
         1.9428e-05, 4.7693e-05, 6.9506e-05, 4.3551e-05]],
       device='cuda:0', grad_fn=<SoftmaxBackward>)
>> best accuracy: 99.33333333333333	best epoch: 20

>> final recovery rate: 99.44074074074074%
>> val epoch: 25
>> current accuracy: 99.3%
outputs: tensor([[5.8194e-05, 9.9929e-01, 2.3228e-04, 9.4882e-05, 5.4871e-05, 7.9718e-05,
         5.6607e-05, 7.8241e-05, 2.9648e-05, 3.0493e-05],
        [3.5442e-05, 9.9967e-01, 4.7914e-05, 3.4853e-05, 6.6250e-05, 3.2096e-05,
         3.2511e-05, 3.1799e-05, 2.5617e-05, 2.3445e-05],
        [4.2511e-05, 9.9955e-01, 2.5562e-05, 6.2014e-05, 6.4607e-05, 5.6654e-05,
         3.6301e-05, 1.0915e-04, 2.4120e-05, 3.3681e-05],
        [3.8216e-04, 2.8682e-04, 1.3490e-04, 3.2313e-04, 9.3788e-03, 5.0706e-04,
         2.0784e-04, 3.9154e-04, 2.9026e-03, 9.8549e-01],
        [2.9892e-06, 1.5077e-07, 2.3265e-07, 1.6919e-06, 5.1049e-07, 9.9999e-01,
         4.8449e-07, 1.9062e-06, 1.9576e-07, 1.7435e-07],
        [1.8749e-04, 5.4372e-05, 1.7573e-04, 1.1337e-04, 6.8756e-05, 3.6391e-04,
         9.9877e-01, 4.7081e-05, 1.2914e-04, 8.5634e-05],
        [4.0043e-05, 1.6492e-05, 3.7715e-05, 2.8369e-05, 9.9951e-01, 2.0069e-05,
         2.4049e-05, 1.6243e-04, 1.5542e-05, 1.4692e-04],
        [8.0080e-04, 4.7503e-05, 3.9283e-05, 3.8341e-05, 7.4810e-04, 1.3844e-04,
         9.9805e-01, 2.1330e-05, 8.0050e-05, 3.9374e-05],
        [8.0779e-06, 4.5921e-06, 3.8453e-06, 2.2484e-05, 4.0959e-06, 9.9993e-01,
         1.1481e-05, 1.3270e-05, 2.2526e-06, 2.0828e-06],
        [1.2730e-03, 3.6490e-05, 1.1207e-04, 1.0191e-04, 4.2672e-04, 7.1905e-05,
         2.3620e-04, 2.3341e-04, 2.0528e-04, 9.9730e-01],
        [8.3031e-05, 2.1564e-05, 2.4713e-05, 2.8547e-05, 4.0212e-05, 1.5563e-04,
         9.9955e-01, 1.2715e-05, 4.3932e-05, 3.7619e-05],
        [1.6113e-04, 4.4647e-05, 9.9806e-01, 2.8082e-04, 2.0430e-04, 3.1929e-05,
         1.5670e-04, 7.0999e-04, 2.4831e-04, 1.0215e-04],
        [3.5169e-05, 1.5584e-05, 9.9956e-01, 1.6147e-04, 3.3775e-05, 3.0340e-05,
         2.5168e-05, 1.1140e-04, 1.4587e-05, 1.1950e-05],
        [9.9990e-01, 4.6713e-06, 8.5457e-06, 6.2678e-06, 1.2424e-05, 8.8647e-06,
         3.7607e-05, 1.0302e-05, 5.0749e-06, 4.7195e-06],
        [3.6763e-05, 9.9956e-01, 4.7568e-05, 6.1682e-05, 3.2949e-05, 7.0520e-05,
         3.6721e-05, 6.6277e-05, 4.6404e-05, 4.1451e-05],
        [1.0090e-04, 2.1529e-05, 3.8834e-05, 3.6655e-05, 3.5235e-05, 6.8473e-05,
         9.9958e-01, 1.2523e-05, 5.8316e-05, 4.5715e-05],
        [4.6174e-05, 9.9959e-01, 2.1493e-05, 4.1115e-05, 4.6484e-05, 3.5532e-05,
         3.5721e-05, 1.1212e-04, 3.0069e-05, 4.2542e-05],
        [2.7685e-05, 1.0351e-05, 1.2486e-05, 3.3159e-05, 1.2689e-05, 1.8674e-05,
         7.9390e-06, 6.3083e-06, 9.9985e-01, 1.8179e-05],
        [8.9396e-05, 2.5777e-05, 4.5493e-05, 5.5895e-05, 6.6786e-05, 9.2929e-05,
         9.9951e-01, 1.5633e-05, 6.2085e-05, 3.2707e-05],
        [3.6524e-06, 8.4174e-07, 3.4292e-06, 9.9998e-01, 1.2434e-06, 3.9922e-06,
         2.6240e-06, 3.2109e-06, 2.2306e-06, 2.8578e-06],
        [2.3413e-05, 2.2660e-05, 2.0454e-05, 1.9652e-05, 1.4706e-05, 2.0663e-05,
         1.8525e-05, 1.2065e-05, 9.9982e-01, 2.9011e-05],
        [1.3903e-04, 2.1318e-05, 2.3674e-05, 5.3101e-05, 1.5855e-03, 6.4540e-05,
         4.5693e-05, 8.1577e-05, 6.1337e-05, 9.9792e-01],
        [1.7191e-04, 3.3236e-05, 7.1457e-05, 4.6942e-05, 6.7671e-05, 2.1897e-04,
         9.9916e-01, 2.9926e-05, 6.5774e-05, 1.3775e-04],
        [6.6805e-05, 9.9921e-01, 3.3884e-05, 6.1226e-05, 2.5465e-04, 7.2119e-05,
         5.4626e-05, 1.3607e-04, 4.0277e-05, 7.1599e-05],
        [9.9967e-01, 6.6729e-06, 3.4644e-05, 3.8387e-05, 2.0893e-05, 7.3961e-05,
         7.0128e-05, 4.3374e-05, 1.4295e-05, 2.4752e-05],
        [1.0570e-06, 3.9310e-07, 1.7415e-06, 9.9999e-01, 4.2843e-07, 1.6477e-06,
         8.8315e-07, 8.5751e-07, 1.3199e-06, 1.1097e-06],
        [9.9987e-01, 6.2443e-06, 4.4712e-06, 8.1679e-06, 4.6272e-05, 9.2621e-06,
         2.5802e-05, 1.7535e-05, 9.3634e-06, 4.0204e-06],
        [1.3341e-05, 1.4090e-05, 1.8410e-05, 1.7785e-05, 1.3788e-05, 3.4256e-05,
         1.4677e-05, 8.5649e-06, 9.9982e-01, 4.2822e-05],
        [6.5454e-05, 5.7434e-06, 1.0016e-05, 2.6331e-05, 1.6474e-04, 4.6659e-05,
         1.2080e-05, 1.0741e-04, 3.6841e-05, 9.9952e-01],
        [2.7833e-05, 8.5054e-06, 1.0616e-05, 2.9746e-05, 5.8489e-06, 1.1856e-05,
         1.3832e-05, 6.5364e-06, 9.9986e-01, 2.4799e-05],
        [7.4433e-05, 1.0471e-05, 1.4662e-05, 1.0543e-04, 1.1552e-04, 8.7913e-05,
         2.3642e-05, 1.6744e-04, 8.1912e-05, 9.9932e-01],
        [7.6275e-05, 3.7375e-05, 1.4084e-05, 5.8166e-05, 9.9936e-01, 1.1227e-04,
         3.5323e-05, 1.9829e-04, 2.9623e-05, 7.6355e-05],
        [6.5174e-05, 8.7796e-06, 9.9978e-01, 5.4656e-05, 1.2912e-05, 1.6870e-05,
         1.6624e-05, 2.4162e-05, 1.1644e-05, 1.3148e-05],
        [4.1150e-05, 1.2834e-05, 1.1455e-05, 1.1235e-04, 1.3143e-05, 4.5263e-05,
         1.6778e-05, 1.4204e-05, 9.9969e-01, 4.5518e-05],
        [3.3908e-05, 2.0232e-05, 9.9965e-01, 7.2936e-05, 5.9776e-05, 1.5431e-05,
         2.2763e-05, 1.0523e-04, 7.3015e-06, 1.2397e-05],
        [5.7387e-05, 7.0144e-06, 1.4111e-05, 2.4384e-05, 1.6500e-04, 4.6700e-05,
         1.6352e-05, 9.2698e-05, 9.1891e-05, 9.9948e-01],
        [8.5818e-05, 5.8762e-05, 5.0911e-05, 1.3639e-04, 1.1821e-04, 3.2709e-04,
         9.9898e-01, 2.3779e-05, 1.2923e-04, 8.6517e-05],
        [3.6676e-05, 9.9968e-01, 2.6017e-05, 4.1678e-05, 3.2121e-05, 3.8396e-05,
         2.8873e-05, 6.0840e-05, 2.3993e-05, 3.2067e-05],
        [6.5129e-06, 1.5620e-05, 2.0019e-06, 7.1249e-06, 3.3173e-06, 1.6891e-06,
         5.4261e-07, 9.9996e-01, 1.0975e-06, 3.1194e-06],
        [4.8406e-05, 2.0888e-05, 5.0079e-05, 1.2012e-05, 2.8696e-05, 6.3112e-05,
         4.6398e-05, 1.1230e-05, 9.9969e-01, 2.4607e-05],
        [1.1441e-04, 4.7050e-03, 3.0861e-05, 1.8670e-04, 1.1213e-03, 1.3208e-04,
         3.4772e-05, 9.9353e-01, 4.6336e-05, 1.0255e-04],
        [1.5400e-05, 1.1180e-05, 6.7873e-06, 7.9393e-06, 9.9989e-01, 8.4169e-06,
         1.0787e-05, 3.0178e-05, 4.7638e-06, 1.7835e-05],
        [7.3134e-05, 5.8692e-05, 9.9941e-01, 1.4221e-04, 6.5901e-05, 3.8107e-05,
         3.1356e-05, 1.0248e-04, 3.5504e-05, 4.2881e-05],
        [2.6584e-05, 2.6265e-06, 7.2179e-06, 1.5090e-05, 5.9336e-05, 1.6054e-05,
         9.6995e-06, 3.4160e-05, 1.2432e-05, 9.9982e-01],
        [3.2150e-04, 5.1699e-04, 9.9588e-01, 4.4096e-04, 1.1789e-04, 6.7014e-04,
         1.1879e-04, 1.4739e-03, 2.7360e-04, 1.8265e-04],
        [2.3831e-05, 3.4061e-06, 9.9984e-01, 4.5595e-05, 1.0211e-05, 5.8975e-06,
         2.6261e-05, 3.2018e-05, 6.6133e-06, 1.1132e-05],
        [3.6308e-05, 9.9959e-01, 3.4854e-05, 5.8569e-05, 4.0004e-05, 6.3733e-05,
         3.9864e-05, 6.7336e-05, 3.2980e-05, 3.2773e-05],
        [6.8015e-06, 4.8689e-06, 5.4982e-06, 4.8876e-06, 9.2686e-06, 6.2018e-06,
         7.2886e-07, 9.9996e-01, 1.7038e-06, 4.2890e-06]],
       device='cuda:0', grad_fn=<SoftmaxBackward>)
>> best accuracy: 99.33333333333333	best epoch: 20

>> final recovery rate: 99.44074074074074%
