noise type: uniform
noise level: 0
when_to_apply_epoch: 0
total clean data num: 54000
probability transition matrix:
[[1. 0. 0. 0. 0. 0. 0. 0. 0. 0.]
 [0. 1. 0. 0. 0. 0. 0. 0. 0. 0.]
 [0. 0. 1. 0. 0. 0. 0. 0. 0. 0.]
 [0. 0. 0. 1. 0. 0. 0. 0. 0. 0.]
 [0. 0. 0. 0. 1. 0. 0. 0. 0. 0.]
 [0. 0. 0. 0. 0. 1. 0. 0. 0. 0.]
 [0. 0. 0. 0. 0. 0. 1. 0. 0. 0.]
 [0. 0. 0. 0. 0. 0. 0. 1. 0. 0.]
 [0. 0. 0. 0. 0. 0. 0. 0. 1. 0.]
 [0. 0. 0. 0. 0. 0. 0. 0. 0. 1.]]
>> val epoch: 0
>> current accuracy: 98.51666666666667%
outputs: tensor([[3.6764e-03, 1.0268e-04, 1.7735e-04, 5.1449e-03, 6.5646e-05, 9.8359e-01,
         1.5856e-03, 5.9754e-05, 5.2005e-03, 3.9703e-04],
        [3.4288e-04, 2.0056e-04, 3.7512e-05, 5.5931e-05, 9.9185e-01, 1.8455e-04,
         3.5340e-04, 1.6396e-04, 3.4821e-04, 6.4580e-03],
        [1.1213e-05, 3.7211e-07, 3.3042e-06, 1.0931e-03, 1.4465e-06, 9.9871e-01,
         2.1271e-05, 4.4987e-06, 2.9317e-05, 1.3029e-04],
        [4.8436e-09, 1.5481e-07, 1.1011e-05, 9.9998e-01, 5.6858e-08, 6.3068e-08,
         2.9266e-09, 5.5360e-06, 2.1116e-07, 1.9453e-07],
        [5.3106e-06, 9.9977e-01, 1.6063e-05, 7.2048e-06, 1.3413e-05, 5.3158e-06,
         2.0996e-05, 8.4728e-05, 3.4308e-05, 4.1159e-05],
        [3.0854e-07, 4.4458e-07, 9.9997e-01, 5.4658e-06, 2.4398e-07, 5.3067e-08,
         2.9753e-07, 1.8723e-05, 1.3579e-06, 3.1158e-07],
        [5.5282e-05, 6.5339e-04, 1.2572e-03, 5.8143e-04, 2.6897e-04, 5.9967e-05,
         5.9746e-06, 9.9463e-01, 1.1921e-04, 2.3654e-03],
        [3.6092e-06, 2.8442e-05, 5.2322e-04, 1.9779e-04, 3.0785e-05, 6.3708e-06,
         3.8091e-07, 9.9897e-01, 1.9327e-05, 2.1988e-04],
        [4.3123e-06, 8.1855e-07, 2.2075e-05, 4.9505e-05, 8.8163e-05, 1.7292e-05,
         2.9127e-06, 3.2305e-05, 1.9263e-04, 9.9959e-01],
        [1.0261e-03, 8.5316e-06, 3.4212e-06, 8.1617e-06, 8.6316e-06, 5.2271e-05,
         9.9821e-01, 4.5326e-08, 6.7618e-04, 4.5595e-06],
        [1.6201e-06, 9.7014e-08, 1.1678e-06, 2.5875e-05, 3.3879e-07, 6.6557e-06,
         9.9438e-06, 1.7069e-08, 9.9992e-01, 3.5488e-05],
        [9.9936e-01, 6.8138e-07, 6.7398e-05, 2.4654e-06, 3.8648e-06, 6.8320e-06,
         1.5503e-04, 1.7053e-06, 1.8530e-04, 2.1213e-04],
        [5.8331e-03, 6.4594e-04, 3.5854e-03, 2.6036e-01, 1.0045e-03, 6.6104e-01,
         2.3064e-03, 1.9558e-03, 3.2900e-02, 3.0371e-02],
        [1.0726e-05, 1.0969e-07, 3.0687e-07, 5.3125e-08, 1.3857e-07, 1.7680e-06,
         9.9998e-01, 7.2670e-10, 8.4970e-06, 3.3694e-07],
        [7.6978e-05, 6.1587e-03, 6.4162e-04, 7.6294e-04, 8.5762e-04, 1.4208e-04,
         1.7291e-05, 9.8470e-01, 3.3718e-04, 6.3014e-03],
        [9.9999e-01, 5.8349e-09, 4.8500e-07, 8.7770e-09, 1.0313e-08, 2.7501e-08,
         9.1990e-06, 2.0595e-09, 2.0895e-07, 8.5234e-08],
        [9.9995e-01, 2.7614e-08, 1.6340e-06, 3.1887e-07, 1.7242e-07, 1.1401e-06,
         4.7193e-05, 1.8475e-08, 1.3252e-06, 1.9153e-06],
        [4.5805e-05, 2.6368e-05, 1.4429e-04, 1.0403e-03, 8.6369e-04, 5.6576e-04,
         4.1862e-05, 2.8551e-04, 1.3110e-03, 9.9568e-01],
        [2.6576e-05, 9.9936e-01, 2.9142e-05, 8.7136e-06, 1.8827e-05, 7.3773e-06,
         8.0245e-05, 3.7880e-04, 4.9122e-05, 4.0833e-05],
        [3.6993e-04, 2.0946e-04, 1.6302e-04, 7.5041e-04, 9.8723e-01, 4.9827e-04,
         1.0961e-03, 3.4947e-04, 4.8803e-04, 8.8492e-03],
        [9.4259e-06, 9.9978e-01, 1.4054e-05, 4.8060e-06, 5.2371e-06, 4.1858e-06,
         6.8974e-05, 8.2456e-05, 2.0947e-05, 1.2139e-05],
        [2.1913e-03, 1.1711e-04, 2.9704e-04, 8.8564e-06, 9.9293e-01, 5.5093e-05,
         2.8149e-03, 5.7127e-05, 2.1107e-04, 1.3151e-03],
        [1.0601e-04, 9.9762e-01, 1.3387e-04, 5.2104e-05, 8.1417e-05, 3.6807e-05,
         3.0104e-04, 1.1036e-03, 4.0801e-04, 1.5715e-04],
        [3.0895e-03, 5.5671e-04, 1.9363e-03, 3.3957e-05, 9.8863e-01, 1.0591e-04,
         4.5444e-03, 1.9779e-04, 4.4190e-04, 4.6683e-04],
        [3.1102e-03, 8.7863e-02, 2.1633e-02, 1.4193e-02, 1.4543e-02, 5.1862e-03,
         1.3010e-03, 7.5809e-01, 4.1908e-02, 5.2169e-02],
        [2.7462e-04, 4.9895e-05, 6.4621e-05, 1.7597e-05, 9.9834e-01, 3.6312e-05,
         1.3351e-04, 1.9933e-04, 3.3959e-04, 5.4283e-04],
        [1.7166e-05, 2.0865e-04, 2.5651e-03, 1.4927e-03, 2.7051e-04, 8.7540e-05,
         4.7374e-06, 9.9108e-01, 6.7344e-05, 4.2057e-03],
        [4.6172e-04, 2.2077e-04, 6.1126e-05, 8.9906e-05, 9.8963e-01, 1.4372e-04,
         3.0996e-04, 2.3544e-04, 5.7954e-04, 8.2674e-03],
        [3.0123e-06, 6.9823e-09, 2.6740e-08, 1.8081e-08, 1.6876e-08, 4.8588e-07,
         1.0000e+00, 4.4479e-11, 1.1306e-06, 2.0907e-08],
        [3.7244e-05, 9.9865e-01, 2.3897e-04, 1.8562e-04, 2.8988e-04, 2.4087e-05,
         1.3898e-04, 1.4946e-04, 1.5570e-04, 1.3032e-04],
        [2.2198e-05, 9.9962e-01, 2.0434e-05, 8.9595e-06, 9.6174e-06, 6.6489e-06,
         4.7962e-05, 1.6419e-04, 7.2519e-05, 2.6592e-05],
        [1.1609e-05, 3.5887e-06, 3.8366e-05, 6.0362e-04, 1.8757e-04, 6.2689e-05,
         8.2475e-06, 5.6635e-05, 4.0431e-04, 9.9862e-01],
        [4.1365e-04, 4.0689e-05, 1.8608e-04, 2.1973e-02, 8.1757e-05, 9.6421e-01,
         4.5968e-04, 9.3675e-05, 7.9736e-03, 4.5665e-03],
        [1.6477e-05, 1.2660e-05, 9.4258e-05, 1.6790e-05, 2.1760e-05, 7.4847e-06,
         2.5210e-07, 9.9975e-01, 4.1431e-06, 7.7720e-05],
        [5.8737e-05, 1.0289e-06, 2.7383e-06, 9.3070e-04, 2.5164e-06, 9.9869e-01,
         7.1884e-05, 3.6675e-06, 1.7335e-04, 6.3432e-05],
        [6.9586e-05, 4.4470e-05, 2.3915e-04, 1.6964e-03, 9.9983e-04, 3.9875e-04,
         5.4330e-05, 2.4613e-04, 1.7141e-03, 9.9454e-01],
        [4.9021e-05, 1.5289e-06, 5.8368e-06, 1.7600e-03, 6.9015e-06, 9.9778e-01,
         4.2588e-05, 1.3565e-05, 1.4823e-04, 1.9537e-04],
        [4.8227e-06, 8.5163e-07, 6.1548e-07, 2.5800e-07, 4.1759e-07, 6.7167e-06,
         9.9993e-01, 3.1015e-09, 5.3984e-05, 7.8998e-07],
        [6.5295e-06, 5.4116e-07, 3.5406e-06, 4.3982e-05, 6.7974e-07, 2.1662e-05,
         1.6780e-05, 8.3700e-08, 9.9985e-01, 5.5684e-05],
        [1.1668e-09, 2.7028e-08, 5.0619e-06, 9.9999e-01, 1.6700e-08, 1.3201e-08,
         1.1078e-09, 1.3169e-06, 1.5084e-07, 2.7550e-08],
        [6.4631e-08, 3.5308e-08, 1.0000e+00, 1.6276e-07, 1.3487e-08, 1.9961e-09,
         2.1476e-08, 3.5568e-07, 6.1943e-08, 5.4773e-09],
        [1.4547e-03, 1.2483e-03, 7.0943e-04, 9.2073e-02, 1.2445e-03, 8.0848e-01,
         3.4884e-03, 4.9649e-04, 7.5706e-02, 1.5097e-02],
        [3.2136e-06, 7.5130e-08, 1.5355e-06, 1.0957e-05, 1.8501e-07, 1.0425e-05,
         2.0982e-05, 1.3438e-08, 9.9993e-01, 2.4063e-05],
        [7.8225e-04, 5.7757e-04, 4.4183e-04, 1.1582e-04, 9.8972e-01, 1.5932e-04,
         6.2823e-04, 8.2522e-04, 9.2653e-04, 5.8269e-03],
        [1.9030e-05, 1.4669e-04, 4.4201e-03, 3.7193e-03, 9.6453e-05, 5.4979e-05,
         3.2007e-06, 9.8883e-01, 7.8794e-05, 2.6332e-03],
        [2.4153e-04, 2.7194e-05, 8.3119e-06, 3.2394e-06, 9.9923e-01, 1.7144e-05,
         2.0753e-04, 3.9395e-05, 5.8932e-05, 1.7077e-04],
        [2.0354e-07, 3.5609e-07, 9.9999e-01, 1.0849e-06, 1.3790e-07, 1.8876e-08,
         1.4609e-07, 2.5701e-06, 5.3097e-07, 9.5475e-08],
        [1.4731e-03, 1.5028e-02, 1.3461e-02, 6.9817e-03, 9.1311e-03, 2.7402e-03,
         4.3107e-04, 9.3487e-01, 3.6143e-03, 1.2265e-02]],
       device='cuda:0', grad_fn=<SoftmaxBackward>)
>> best accuracy: 98.51666666666667	best epoch: 0

>> final recovery rate: 100.0%
