noise type: uniform
noise level: 0.8
when_to_apply_epoch: 10
total clean data num: 10656
probability transition matrix:
[[0.2        0.08888889 0.08888889 0.08888889 0.08888889 0.08888889
  0.08888889 0.08888889 0.08888889 0.08888889]
 [0.08888889 0.2        0.08888889 0.08888889 0.08888889 0.08888889
  0.08888889 0.08888889 0.08888889 0.08888889]
 [0.08888889 0.08888889 0.2        0.08888889 0.08888889 0.08888889
  0.08888889 0.08888889 0.08888889 0.08888889]
 [0.08888889 0.08888889 0.08888889 0.2        0.08888889 0.08888889
  0.08888889 0.08888889 0.08888889 0.08888889]
 [0.08888889 0.08888889 0.08888889 0.08888889 0.2        0.08888889
  0.08888889 0.08888889 0.08888889 0.08888889]
 [0.08888889 0.08888889 0.08888889 0.08888889 0.08888889 0.2
  0.08888889 0.08888889 0.08888889 0.08888889]
 [0.08888889 0.08888889 0.08888889 0.08888889 0.08888889 0.08888889
  0.2        0.08888889 0.08888889 0.08888889]
 [0.08888889 0.08888889 0.08888889 0.08888889 0.08888889 0.08888889
  0.08888889 0.2        0.08888889 0.08888889]
 [0.08888889 0.08888889 0.08888889 0.08888889 0.08888889 0.08888889
  0.08888889 0.08888889 0.2        0.08888889]
 [0.08888889 0.08888889 0.08888889 0.08888889 0.08888889 0.08888889
  0.08888889 0.08888889 0.08888889 0.2       ]]
>> val epoch: 0
>> current accuracy: 10.25%
outputs: tensor([[0.0646, 0.0863, 0.1113, 0.1061, 0.1352, 0.0757, 0.1481, 0.0903, 0.0992,
         0.0833],
        [0.0749, 0.0898, 0.0921, 0.1155, 0.1002, 0.0965, 0.1185, 0.0987, 0.1076,
         0.1061],
        [0.0749, 0.0898, 0.0921, 0.1155, 0.1002, 0.0965, 0.1185, 0.0987, 0.1076,
         0.1061],
        [0.0749, 0.0899, 0.0920, 0.1155, 0.1001, 0.0965, 0.1186, 0.0987, 0.1076,
         0.1062],
        [0.0749, 0.0898, 0.0921, 0.1155, 0.1002, 0.0965, 0.1185, 0.0987, 0.1076,
         0.1062],
        [0.0749, 0.0898, 0.0921, 0.1155, 0.1002, 0.0965, 0.1185, 0.0987, 0.1076,
         0.1062],
        [0.0749, 0.0898, 0.0921, 0.1155, 0.1002, 0.0965, 0.1185, 0.0987, 0.1077,
         0.1061],
        [0.0673, 0.0880, 0.1057, 0.1084, 0.1265, 0.0801, 0.1395, 0.0927, 0.1018,
         0.0900],
        [0.0749, 0.0898, 0.0921, 0.1155, 0.1002, 0.0965, 0.1185, 0.0987, 0.1076,
         0.1061],
        [0.0749, 0.0898, 0.0921, 0.1155, 0.1001, 0.0965, 0.1185, 0.0987, 0.1076,
         0.1062],
        [0.0749, 0.0898, 0.0921, 0.1155, 0.1002, 0.0965, 0.1185, 0.0987, 0.1077,
         0.1061],
        [0.0749, 0.0898, 0.0921, 0.1155, 0.1002, 0.0965, 0.1185, 0.0987, 0.1076,
         0.1062],
        [0.0669, 0.0877, 0.1066, 0.1080, 0.1278, 0.0794, 0.1409, 0.0923, 0.1014,
         0.0890],
        [0.0749, 0.0898, 0.0921, 0.1155, 0.1002, 0.0965, 0.1185, 0.0987, 0.1077,
         0.1061],
        [0.0749, 0.0898, 0.0921, 0.1155, 0.1002, 0.0965, 0.1185, 0.0987, 0.1076,
         0.1062],
        [0.0749, 0.0898, 0.0921, 0.1155, 0.1002, 0.0965, 0.1185, 0.0987, 0.1076,
         0.1062],
        [0.0749, 0.0898, 0.0921, 0.1155, 0.1001, 0.0965, 0.1185, 0.0987, 0.1076,
         0.1062],
        [0.0744, 0.0894, 0.0938, 0.1135, 0.1048, 0.0912, 0.1201, 0.0990, 0.1083,
         0.1055],
        [0.0749, 0.0898, 0.0921, 0.1155, 0.1002, 0.0965, 0.1185, 0.0987, 0.1076,
         0.1062],
        [0.0749, 0.0898, 0.0922, 0.1155, 0.1002, 0.0965, 0.1185, 0.0986, 0.1077,
         0.1061],
        [0.0749, 0.0898, 0.0921, 0.1155, 0.1002, 0.0965, 0.1185, 0.0987, 0.1077,
         0.1061],
        [0.0749, 0.0898, 0.0921, 0.1155, 0.1002, 0.0965, 0.1185, 0.0986, 0.1077,
         0.1061],
        [0.0705, 0.0893, 0.1001, 0.1102, 0.1169, 0.0851, 0.1301, 0.0955, 0.1047,
         0.0976],
        [0.0749, 0.0898, 0.0921, 0.1155, 0.1002, 0.0965, 0.1185, 0.0987, 0.1076,
         0.1062],
        [0.0604, 0.0851, 0.1161, 0.1030, 0.1439, 0.0702, 0.1634, 0.0859, 0.0957,
         0.0762],
        [0.0415, 0.0798, 0.1328, 0.0840, 0.1949, 0.0419, 0.2374, 0.0643, 0.0751,
         0.0482],
        [0.0749, 0.0898, 0.0921, 0.1155, 0.1002, 0.0965, 0.1185, 0.0987, 0.1076,
         0.1062],
        [0.0749, 0.0898, 0.0921, 0.1155, 0.1002, 0.0965, 0.1185, 0.0987, 0.1077,
         0.1061],
        [0.0749, 0.0898, 0.0921, 0.1155, 0.1002, 0.0965, 0.1185, 0.0987, 0.1077,
         0.1061],
        [0.0750, 0.0896, 0.0914, 0.1160, 0.1004, 0.0961, 0.1183, 0.0989, 0.1073,
         0.1071],
        [0.0749, 0.0898, 0.0921, 0.1155, 0.1001, 0.0965, 0.1185, 0.0987, 0.1076,
         0.1062],
        [0.0750, 0.0898, 0.0916, 0.1156, 0.1001, 0.0963, 0.1187, 0.0990, 0.1074,
         0.1065],
        [0.0749, 0.0898, 0.0921, 0.1155, 0.1001, 0.0965, 0.1185, 0.0987, 0.1076,
         0.1062],
        [0.0749, 0.0898, 0.0921, 0.1155, 0.1002, 0.0965, 0.1185, 0.0987, 0.1077,
         0.1061],
        [0.0749, 0.0899, 0.0922, 0.1155, 0.1002, 0.0964, 0.1185, 0.0986, 0.1077,
         0.1061],
        [0.0749, 0.0898, 0.0921, 0.1155, 0.1001, 0.0965, 0.1185, 0.0987, 0.1076,
         0.1062],
        [0.0749, 0.0898, 0.0921, 0.1155, 0.1002, 0.0965, 0.1185, 0.0987, 0.1076,
         0.1061],
        [0.0749, 0.0900, 0.0919, 0.1155, 0.1001, 0.0965, 0.1186, 0.0987, 0.1077,
         0.1062],
        [0.0749, 0.0898, 0.0921, 0.1155, 0.1002, 0.0965, 0.1185, 0.0987, 0.1077,
         0.1061],
        [0.0749, 0.0898, 0.0921, 0.1155, 0.1002, 0.0965, 0.1185, 0.0987, 0.1076,
         0.1062],
        [0.0748, 0.0896, 0.0931, 0.1138, 0.1036, 0.0919, 0.1189, 0.0993, 0.1087,
         0.1064],
        [0.0749, 0.0899, 0.0922, 0.1155, 0.1002, 0.0964, 0.1185, 0.0986, 0.1077,
         0.1061],
        [0.0749, 0.0898, 0.0921, 0.1155, 0.1001, 0.0965, 0.1185, 0.0987, 0.1076,
         0.1062],
        [0.0749, 0.0898, 0.0921, 0.1155, 0.1002, 0.0965, 0.1185, 0.0987, 0.1076,
         0.1062],
        [0.0749, 0.0898, 0.0922, 0.1155, 0.1002, 0.0965, 0.1185, 0.0986, 0.1077,
         0.1061],
        [0.0737, 0.0895, 0.0948, 0.1131, 0.1068, 0.0900, 0.1218, 0.0984, 0.1076,
         0.1041],
        [0.0748, 0.0895, 0.0933, 0.1136, 0.1037, 0.0920, 0.1188, 0.0994, 0.1088,
         0.1061],
        [0.0750, 0.0897, 0.0926, 0.1142, 0.1024, 0.0934, 0.1182, 0.0995, 0.1087,
         0.1063]], device='cuda:0', grad_fn=<SoftmaxBackward>)
>> best accuracy: 10.25	best epoch: 0

>> final recovery rate: 19.733333333333334%
>> val epoch: 5
>> current accuracy: 9.783333333333333%
outputs: tensor([[0.1110, 0.0959, 0.1079, 0.1042, 0.1017, 0.1025, 0.1065, 0.0878, 0.0909,
         0.0915],
        [0.1110, 0.0959, 0.1079, 0.1042, 0.1017, 0.1025, 0.1065, 0.0878, 0.0909,
         0.0915],
        [0.1110, 0.0959, 0.1079, 0.1042, 0.1017, 0.1025, 0.1065, 0.0878, 0.0909,
         0.0915],
        [0.1110, 0.0959, 0.1079, 0.1042, 0.1017, 0.1025, 0.1065, 0.0878, 0.0909,
         0.0915],
        [0.1110, 0.0959, 0.1079, 0.1042, 0.1017, 0.1025, 0.1065, 0.0878, 0.0909,
         0.0915],
        [0.1110, 0.0959, 0.1079, 0.1042, 0.1017, 0.1025, 0.1065, 0.0878, 0.0909,
         0.0915],
        [0.1110, 0.0959, 0.1079, 0.1042, 0.1017, 0.1025, 0.1065, 0.0878, 0.0909,
         0.0915],
        [0.1110, 0.0959, 0.1079, 0.1042, 0.1017, 0.1025, 0.1065, 0.0878, 0.0909,
         0.0915],
        [0.1110, 0.0959, 0.1079, 0.1042, 0.1017, 0.1025, 0.1065, 0.0878, 0.0909,
         0.0915],
        [0.1110, 0.0959, 0.1079, 0.1042, 0.1017, 0.1025, 0.1065, 0.0878, 0.0909,
         0.0915],
        [0.1110, 0.0959, 0.1079, 0.1042, 0.1017, 0.1025, 0.1065, 0.0878, 0.0909,
         0.0915],
        [0.1110, 0.0959, 0.1079, 0.1042, 0.1017, 0.1025, 0.1065, 0.0878, 0.0909,
         0.0915],
        [0.1110, 0.0959, 0.1079, 0.1042, 0.1017, 0.1025, 0.1065, 0.0878, 0.0909,
         0.0915],
        [0.1110, 0.0959, 0.1079, 0.1042, 0.1017, 0.1025, 0.1065, 0.0878, 0.0909,
         0.0915],
        [0.1110, 0.0959, 0.1079, 0.1042, 0.1017, 0.1025, 0.1065, 0.0878, 0.0909,
         0.0915],
        [0.1110, 0.0959, 0.1079, 0.1042, 0.1017, 0.1025, 0.1065, 0.0878, 0.0909,
         0.0915],
        [0.1110, 0.0959, 0.1079, 0.1042, 0.1017, 0.1025, 0.1065, 0.0878, 0.0909,
         0.0915],
        [0.1110, 0.0959, 0.1079, 0.1042, 0.1017, 0.1025, 0.1065, 0.0878, 0.0909,
         0.0915],
        [0.1110, 0.0959, 0.1079, 0.1042, 0.1017, 0.1025, 0.1065, 0.0878, 0.0909,
         0.0915],
        [0.1110, 0.0959, 0.1079, 0.1042, 0.1017, 0.1025, 0.1065, 0.0878, 0.0909,
         0.0915],
        [0.1110, 0.0959, 0.1079, 0.1042, 0.1017, 0.1025, 0.1065, 0.0878, 0.0909,
         0.0915],
        [0.1110, 0.0959, 0.1079, 0.1042, 0.1017, 0.1025, 0.1065, 0.0878, 0.0909,
         0.0915],
        [0.1110, 0.0959, 0.1079, 0.1042, 0.1017, 0.1025, 0.1065, 0.0878, 0.0909,
         0.0915],
        [0.1110, 0.0959, 0.1079, 0.1042, 0.1017, 0.1025, 0.1065, 0.0878, 0.0909,
         0.0915],
        [0.1110, 0.0959, 0.1079, 0.1042, 0.1017, 0.1025, 0.1065, 0.0878, 0.0909,
         0.0915],
        [0.1110, 0.0959, 0.1079, 0.1042, 0.1017, 0.1025, 0.1065, 0.0878, 0.0909,
         0.0915],
        [0.1110, 0.0959, 0.1079, 0.1042, 0.1017, 0.1025, 0.1065, 0.0878, 0.0909,
         0.0915],
        [0.1110, 0.0959, 0.1079, 0.1042, 0.1017, 0.1025, 0.1065, 0.0878, 0.0909,
         0.0915],
        [0.1110, 0.0959, 0.1079, 0.1042, 0.1017, 0.1025, 0.1065, 0.0878, 0.0909,
         0.0915],
        [0.1110, 0.0959, 0.1079, 0.1042, 0.1017, 0.1025, 0.1065, 0.0878, 0.0909,
         0.0915],
        [0.1110, 0.0959, 0.1079, 0.1042, 0.1017, 0.1025, 0.1065, 0.0878, 0.0909,
         0.0915],
        [0.1110, 0.0959, 0.1079, 0.1042, 0.1017, 0.1025, 0.1065, 0.0878, 0.0909,
         0.0915],
        [0.1110, 0.0959, 0.1079, 0.1042, 0.1017, 0.1025, 0.1065, 0.0878, 0.0909,
         0.0915],
        [0.1110, 0.0959, 0.1079, 0.1042, 0.1017, 0.1025, 0.1065, 0.0878, 0.0909,
         0.0915],
        [0.1110, 0.0959, 0.1079, 0.1042, 0.1017, 0.1025, 0.1065, 0.0878, 0.0909,
         0.0915],
        [0.1110, 0.0959, 0.1079, 0.1042, 0.1017, 0.1025, 0.1065, 0.0878, 0.0909,
         0.0915],
        [0.1110, 0.0959, 0.1079, 0.1042, 0.1017, 0.1025, 0.1065, 0.0878, 0.0909,
         0.0915],
        [0.1110, 0.0959, 0.1079, 0.1042, 0.1017, 0.1025, 0.1065, 0.0878, 0.0909,
         0.0915],
        [0.1110, 0.0959, 0.1079, 0.1042, 0.1017, 0.1025, 0.1065, 0.0878, 0.0909,
         0.0915],
        [0.1110, 0.0959, 0.1079, 0.1042, 0.1017, 0.1025, 0.1065, 0.0878, 0.0909,
         0.0915],
        [0.1110, 0.0959, 0.1079, 0.1042, 0.1017, 0.1025, 0.1065, 0.0878, 0.0909,
         0.0915],
        [0.1110, 0.0959, 0.1079, 0.1042, 0.1017, 0.1025, 0.1065, 0.0878, 0.0909,
         0.0915],
        [0.1110, 0.0959, 0.1079, 0.1042, 0.1017, 0.1025, 0.1065, 0.0878, 0.0909,
         0.0915],
        [0.1110, 0.0959, 0.1079, 0.1042, 0.1017, 0.1025, 0.1065, 0.0878, 0.0909,
         0.0915],
        [0.1110, 0.0959, 0.1079, 0.1042, 0.1017, 0.1025, 0.1065, 0.0878, 0.0909,
         0.0915],
        [0.1110, 0.0959, 0.1079, 0.1042, 0.1017, 0.1025, 0.1065, 0.0878, 0.0909,
         0.0915],
        [0.1110, 0.0959, 0.1079, 0.1042, 0.1017, 0.1025, 0.1065, 0.0878, 0.0909,
         0.0915],
        [0.1110, 0.0959, 0.1079, 0.1042, 0.1017, 0.1025, 0.1065, 0.0878, 0.0909,
         0.0915]], device='cuda:0', grad_fn=<SoftmaxBackward>)
>> best accuracy: 10.25	best epoch: 0

>> final recovery rate: 19.733333333333334%
>> val epoch: 10
>> current accuracy: 10.45%
outputs: tensor([[0.0991, 0.0923, 0.0751, 0.1125, 0.1083, 0.1182, 0.1069, 0.0863, 0.1075,
         0.0939],
        [0.0991, 0.0923, 0.0751, 0.1125, 0.1083, 0.1182, 0.1069, 0.0863, 0.1075,
         0.0939],
        [0.0991, 0.0923, 0.0751, 0.1125, 0.1083, 0.1182, 0.1069, 0.0863, 0.1075,
         0.0939],
        [0.0991, 0.0923, 0.0751, 0.1125, 0.1083, 0.1182, 0.1069, 0.0863, 0.1075,
         0.0939],
        [0.0991, 0.0923, 0.0751, 0.1125, 0.1083, 0.1182, 0.1069, 0.0863, 0.1075,
         0.0939],
        [0.0991, 0.0923, 0.0751, 0.1125, 0.1083, 0.1182, 0.1069, 0.0863, 0.1075,
         0.0939],
        [0.0991, 0.0923, 0.0751, 0.1125, 0.1083, 0.1182, 0.1069, 0.0863, 0.1075,
         0.0939],
        [0.0991, 0.0923, 0.0751, 0.1125, 0.1083, 0.1182, 0.1069, 0.0863, 0.1075,
         0.0939],
        [0.0991, 0.0923, 0.0751, 0.1125, 0.1083, 0.1182, 0.1069, 0.0863, 0.1075,
         0.0939],
        [0.0991, 0.0923, 0.0751, 0.1125, 0.1083, 0.1182, 0.1069, 0.0863, 0.1075,
         0.0939],
        [0.0991, 0.0923, 0.0751, 0.1125, 0.1083, 0.1182, 0.1069, 0.0863, 0.1075,
         0.0939],
        [0.0991, 0.0923, 0.0751, 0.1125, 0.1083, 0.1182, 0.1069, 0.0863, 0.1075,
         0.0939],
        [0.0991, 0.0923, 0.0751, 0.1125, 0.1083, 0.1182, 0.1069, 0.0863, 0.1075,
         0.0939],
        [0.0991, 0.0923, 0.0751, 0.1125, 0.1083, 0.1182, 0.1069, 0.0863, 0.1075,
         0.0939],
        [0.0991, 0.0923, 0.0751, 0.1125, 0.1083, 0.1182, 0.1069, 0.0863, 0.1075,
         0.0939],
        [0.0991, 0.0923, 0.0751, 0.1125, 0.1083, 0.1182, 0.1069, 0.0863, 0.1075,
         0.0939],
        [0.0991, 0.0923, 0.0751, 0.1125, 0.1083, 0.1182, 0.1069, 0.0863, 0.1075,
         0.0939],
        [0.0991, 0.0923, 0.0751, 0.1125, 0.1083, 0.1182, 0.1069, 0.0863, 0.1075,
         0.0939],
        [0.0991, 0.0923, 0.0751, 0.1125, 0.1083, 0.1182, 0.1069, 0.0863, 0.1075,
         0.0939],
        [0.0991, 0.0923, 0.0751, 0.1125, 0.1083, 0.1182, 0.1069, 0.0863, 0.1075,
         0.0939],
        [0.0991, 0.0923, 0.0751, 0.1125, 0.1083, 0.1182, 0.1069, 0.0863, 0.1075,
         0.0939],
        [0.0991, 0.0923, 0.0751, 0.1125, 0.1083, 0.1182, 0.1069, 0.0863, 0.1075,
         0.0939],
        [0.0991, 0.0923, 0.0751, 0.1125, 0.1083, 0.1182, 0.1069, 0.0863, 0.1075,
         0.0939],
        [0.0991, 0.0923, 0.0751, 0.1125, 0.1083, 0.1182, 0.1069, 0.0863, 0.1075,
         0.0939],
        [0.0991, 0.0923, 0.0751, 0.1125, 0.1083, 0.1182, 0.1069, 0.0863, 0.1075,
         0.0939],
        [0.0991, 0.0923, 0.0751, 0.1125, 0.1083, 0.1182, 0.1069, 0.0863, 0.1075,
         0.0939],
        [0.0991, 0.0923, 0.0751, 0.1125, 0.1083, 0.1182, 0.1069, 0.0863, 0.1075,
         0.0939],
        [0.0991, 0.0923, 0.0751, 0.1125, 0.1083, 0.1182, 0.1069, 0.0863, 0.1075,
         0.0939],
        [0.0991, 0.0923, 0.0751, 0.1125, 0.1083, 0.1182, 0.1069, 0.0863, 0.1075,
         0.0939],
        [0.0991, 0.0923, 0.0751, 0.1125, 0.1083, 0.1182, 0.1069, 0.0863, 0.1075,
         0.0939],
        [0.0991, 0.0923, 0.0751, 0.1125, 0.1083, 0.1182, 0.1069, 0.0863, 0.1075,
         0.0939],
        [0.0991, 0.0923, 0.0751, 0.1125, 0.1083, 0.1182, 0.1069, 0.0863, 0.1075,
         0.0939],
        [0.0991, 0.0923, 0.0751, 0.1125, 0.1083, 0.1182, 0.1069, 0.0863, 0.1075,
         0.0939],
        [0.0991, 0.0923, 0.0751, 0.1125, 0.1083, 0.1182, 0.1069, 0.0863, 0.1075,
         0.0939],
        [0.0991, 0.0923, 0.0751, 0.1125, 0.1083, 0.1182, 0.1069, 0.0863, 0.1075,
         0.0939],
        [0.0991, 0.0923, 0.0751, 0.1125, 0.1083, 0.1182, 0.1069, 0.0863, 0.1075,
         0.0939],
        [0.0991, 0.0923, 0.0751, 0.1125, 0.1083, 0.1182, 0.1069, 0.0863, 0.1075,
         0.0939],
        [0.0991, 0.0923, 0.0751, 0.1125, 0.1083, 0.1182, 0.1069, 0.0863, 0.1075,
         0.0939],
        [0.0991, 0.0923, 0.0751, 0.1125, 0.1083, 0.1182, 0.1069, 0.0863, 0.1075,
         0.0939],
        [0.0991, 0.0923, 0.0751, 0.1125, 0.1083, 0.1182, 0.1069, 0.0863, 0.1075,
         0.0939],
        [0.0991, 0.0923, 0.0751, 0.1125, 0.1083, 0.1182, 0.1069, 0.0863, 0.1075,
         0.0939],
        [0.0991, 0.0923, 0.0751, 0.1125, 0.1083, 0.1182, 0.1069, 0.0863, 0.1075,
         0.0939],
        [0.0991, 0.0923, 0.0751, 0.1125, 0.1083, 0.1182, 0.1069, 0.0863, 0.1075,
         0.0939],
        [0.0991, 0.0923, 0.0751, 0.1125, 0.1083, 0.1182, 0.1069, 0.0863, 0.1075,
         0.0939],
        [0.0991, 0.0923, 0.0751, 0.1125, 0.1083, 0.1182, 0.1069, 0.0863, 0.1075,
         0.0939],
        [0.0991, 0.0923, 0.0751, 0.1125, 0.1083, 0.1182, 0.1069, 0.0863, 0.1075,
         0.0939],
        [0.0991, 0.0923, 0.0751, 0.1125, 0.1083, 0.1182, 0.1069, 0.0863, 0.1075,
         0.0939],
        [0.0991, 0.0923, 0.0751, 0.1125, 0.1083, 0.1182, 0.1069, 0.0863, 0.1075,
         0.0939]], device='cuda:0', grad_fn=<SoftmaxBackward>)
>> best accuracy: 10.45	best epoch: 10

>> final recovery rate: 19.733333333333334%
>> val epoch: 15
>> current accuracy: 10.5%
outputs: tensor([[0.1000, 0.1443, 0.0876, 0.0892, 0.0905, 0.0782, 0.1186, 0.0872, 0.0988,
         0.1056],
        [0.1000, 0.1443, 0.0876, 0.0892, 0.0905, 0.0782, 0.1186, 0.0872, 0.0988,
         0.1056],
        [0.1000, 0.1443, 0.0876, 0.0892, 0.0905, 0.0782, 0.1186, 0.0872, 0.0988,
         0.1056],
        [0.1000, 0.1443, 0.0876, 0.0892, 0.0905, 0.0782, 0.1186, 0.0872, 0.0988,
         0.1056],
        [0.1000, 0.1443, 0.0876, 0.0892, 0.0905, 0.0782, 0.1186, 0.0872, 0.0988,
         0.1056],
        [0.1000, 0.1443, 0.0876, 0.0892, 0.0905, 0.0782, 0.1186, 0.0872, 0.0988,
         0.1056],
        [0.1000, 0.1443, 0.0876, 0.0892, 0.0905, 0.0782, 0.1186, 0.0872, 0.0988,
         0.1056],
        [0.1000, 0.1443, 0.0876, 0.0892, 0.0905, 0.0782, 0.1186, 0.0872, 0.0988,
         0.1056],
        [0.1000, 0.1443, 0.0876, 0.0892, 0.0905, 0.0782, 0.1186, 0.0872, 0.0988,
         0.1056],
        [0.1000, 0.1443, 0.0876, 0.0892, 0.0905, 0.0782, 0.1186, 0.0872, 0.0988,
         0.1056],
        [0.1000, 0.1443, 0.0876, 0.0892, 0.0905, 0.0782, 0.1186, 0.0872, 0.0988,
         0.1056],
        [0.1000, 0.1443, 0.0876, 0.0892, 0.0905, 0.0782, 0.1186, 0.0872, 0.0988,
         0.1056],
        [0.1000, 0.1443, 0.0876, 0.0892, 0.0905, 0.0782, 0.1186, 0.0872, 0.0988,
         0.1056],
        [0.1000, 0.1443, 0.0876, 0.0892, 0.0905, 0.0782, 0.1186, 0.0872, 0.0988,
         0.1056],
        [0.1000, 0.1443, 0.0876, 0.0892, 0.0905, 0.0782, 0.1186, 0.0872, 0.0988,
         0.1056],
        [0.1000, 0.1443, 0.0876, 0.0892, 0.0905, 0.0782, 0.1186, 0.0872, 0.0988,
         0.1056],
        [0.1000, 0.1443, 0.0876, 0.0892, 0.0905, 0.0782, 0.1186, 0.0872, 0.0988,
         0.1056],
        [0.1000, 0.1443, 0.0876, 0.0892, 0.0905, 0.0782, 0.1186, 0.0872, 0.0988,
         0.1056],
        [0.1000, 0.1443, 0.0876, 0.0892, 0.0905, 0.0782, 0.1186, 0.0872, 0.0988,
         0.1056],
        [0.1000, 0.1443, 0.0876, 0.0892, 0.0905, 0.0782, 0.1186, 0.0872, 0.0988,
         0.1056],
        [0.1000, 0.1443, 0.0876, 0.0892, 0.0905, 0.0782, 0.1186, 0.0872, 0.0988,
         0.1056],
        [0.1000, 0.1443, 0.0876, 0.0892, 0.0905, 0.0782, 0.1186, 0.0872, 0.0988,
         0.1056],
        [0.1000, 0.1443, 0.0876, 0.0892, 0.0905, 0.0782, 0.1186, 0.0872, 0.0988,
         0.1056],
        [0.1000, 0.1443, 0.0876, 0.0892, 0.0905, 0.0782, 0.1186, 0.0872, 0.0988,
         0.1056],
        [0.1000, 0.1443, 0.0876, 0.0892, 0.0905, 0.0782, 0.1186, 0.0872, 0.0988,
         0.1056],
        [0.1000, 0.1443, 0.0876, 0.0892, 0.0905, 0.0782, 0.1186, 0.0872, 0.0988,
         0.1056],
        [0.1000, 0.1443, 0.0876, 0.0892, 0.0905, 0.0782, 0.1186, 0.0872, 0.0988,
         0.1056],
        [0.1000, 0.1443, 0.0876, 0.0892, 0.0905, 0.0782, 0.1186, 0.0872, 0.0988,
         0.1056],
        [0.1000, 0.1443, 0.0876, 0.0892, 0.0905, 0.0782, 0.1186, 0.0872, 0.0988,
         0.1056],
        [0.1000, 0.1443, 0.0876, 0.0892, 0.0905, 0.0782, 0.1186, 0.0872, 0.0988,
         0.1056],
        [0.1000, 0.1443, 0.0876, 0.0892, 0.0905, 0.0782, 0.1186, 0.0872, 0.0988,
         0.1056],
        [0.1000, 0.1443, 0.0876, 0.0892, 0.0905, 0.0782, 0.1186, 0.0872, 0.0988,
         0.1056],
        [0.1000, 0.1443, 0.0876, 0.0892, 0.0905, 0.0782, 0.1186, 0.0872, 0.0988,
         0.1056],
        [0.1000, 0.1443, 0.0876, 0.0892, 0.0905, 0.0782, 0.1186, 0.0872, 0.0988,
         0.1056],
        [0.1000, 0.1443, 0.0876, 0.0892, 0.0905, 0.0782, 0.1186, 0.0872, 0.0988,
         0.1056],
        [0.1000, 0.1443, 0.0876, 0.0892, 0.0905, 0.0782, 0.1186, 0.0872, 0.0988,
         0.1056],
        [0.1000, 0.1443, 0.0876, 0.0892, 0.0905, 0.0782, 0.1186, 0.0872, 0.0988,
         0.1056],
        [0.1000, 0.1443, 0.0876, 0.0892, 0.0905, 0.0782, 0.1186, 0.0872, 0.0988,
         0.1056],
        [0.1000, 0.1443, 0.0876, 0.0892, 0.0905, 0.0782, 0.1186, 0.0872, 0.0988,
         0.1056],
        [0.1000, 0.1443, 0.0876, 0.0892, 0.0905, 0.0782, 0.1186, 0.0872, 0.0988,
         0.1056],
        [0.1000, 0.1443, 0.0876, 0.0892, 0.0905, 0.0782, 0.1186, 0.0872, 0.0988,
         0.1056],
        [0.1000, 0.1443, 0.0876, 0.0892, 0.0905, 0.0782, 0.1186, 0.0872, 0.0988,
         0.1056],
        [0.1000, 0.1443, 0.0876, 0.0892, 0.0905, 0.0782, 0.1186, 0.0872, 0.0988,
         0.1056],
        [0.1000, 0.1443, 0.0876, 0.0892, 0.0905, 0.0782, 0.1186, 0.0872, 0.0988,
         0.1056],
        [0.1000, 0.1443, 0.0876, 0.0892, 0.0905, 0.0782, 0.1186, 0.0872, 0.0988,
         0.1056],
        [0.1000, 0.1443, 0.0876, 0.0892, 0.0905, 0.0782, 0.1186, 0.0872, 0.0988,
         0.1056],
        [0.1000, 0.1443, 0.0876, 0.0892, 0.0905, 0.0782, 0.1186, 0.0872, 0.0988,
         0.1056],
        [0.1000, 0.1443, 0.0876, 0.0892, 0.0905, 0.0782, 0.1186, 0.0872, 0.0988,
         0.1056]], device='cuda:0', grad_fn=<SoftmaxBackward>)
>> best accuracy: 10.5	best epoch: 15

>> final recovery rate: 19.73888888888889%
>> val epoch: 20
>> current accuracy: 11.133333333333335%
outputs: tensor([[0.0731, 0.1089, 0.0816, 0.1261, 0.0802, 0.0742, 0.1285, 0.1366, 0.0829,
         0.1079],
        [0.0731, 0.1089, 0.0816, 0.1261, 0.0802, 0.0742, 0.1285, 0.1366, 0.0829,
         0.1079],
        [0.0731, 0.1089, 0.0816, 0.1261, 0.0802, 0.0742, 0.1285, 0.1366, 0.0829,
         0.1079],
        [0.0731, 0.1089, 0.0816, 0.1261, 0.0802, 0.0742, 0.1285, 0.1366, 0.0829,
         0.1079],
        [0.0731, 0.1089, 0.0816, 0.1261, 0.0802, 0.0742, 0.1285, 0.1366, 0.0829,
         0.1079],
        [0.0731, 0.1089, 0.0816, 0.1261, 0.0802, 0.0742, 0.1285, 0.1366, 0.0829,
         0.1079],
        [0.0731, 0.1089, 0.0816, 0.1261, 0.0802, 0.0742, 0.1285, 0.1366, 0.0829,
         0.1079],
        [0.0731, 0.1089, 0.0816, 0.1261, 0.0802, 0.0742, 0.1285, 0.1366, 0.0829,
         0.1079],
        [0.0731, 0.1089, 0.0816, 0.1261, 0.0802, 0.0742, 0.1285, 0.1366, 0.0829,
         0.1079],
        [0.0731, 0.1089, 0.0816, 0.1261, 0.0802, 0.0742, 0.1285, 0.1366, 0.0829,
         0.1079],
        [0.0731, 0.1089, 0.0816, 0.1261, 0.0802, 0.0742, 0.1285, 0.1366, 0.0829,
         0.1079],
        [0.0731, 0.1089, 0.0816, 0.1261, 0.0802, 0.0742, 0.1285, 0.1366, 0.0829,
         0.1079],
        [0.0731, 0.1089, 0.0816, 0.1261, 0.0802, 0.0742, 0.1285, 0.1366, 0.0829,
         0.1079],
        [0.0731, 0.1089, 0.0816, 0.1261, 0.0802, 0.0742, 0.1285, 0.1366, 0.0829,
         0.1079],
        [0.0731, 0.1089, 0.0816, 0.1261, 0.0802, 0.0742, 0.1285, 0.1366, 0.0829,
         0.1079],
        [0.0731, 0.1089, 0.0816, 0.1261, 0.0802, 0.0742, 0.1285, 0.1366, 0.0829,
         0.1079],
        [0.0731, 0.1089, 0.0816, 0.1261, 0.0802, 0.0742, 0.1285, 0.1366, 0.0829,
         0.1079],
        [0.0731, 0.1089, 0.0816, 0.1261, 0.0802, 0.0742, 0.1285, 0.1366, 0.0829,
         0.1079],
        [0.0731, 0.1089, 0.0816, 0.1261, 0.0802, 0.0742, 0.1285, 0.1366, 0.0829,
         0.1079],
        [0.0731, 0.1089, 0.0816, 0.1261, 0.0802, 0.0742, 0.1285, 0.1366, 0.0829,
         0.1079],
        [0.0731, 0.1089, 0.0816, 0.1261, 0.0802, 0.0742, 0.1285, 0.1366, 0.0829,
         0.1079],
        [0.0731, 0.1089, 0.0816, 0.1261, 0.0802, 0.0742, 0.1285, 0.1366, 0.0829,
         0.1079],
        [0.0731, 0.1089, 0.0816, 0.1261, 0.0802, 0.0742, 0.1285, 0.1366, 0.0829,
         0.1079],
        [0.0731, 0.1089, 0.0816, 0.1261, 0.0802, 0.0742, 0.1285, 0.1366, 0.0829,
         0.1079],
        [0.0731, 0.1089, 0.0816, 0.1261, 0.0802, 0.0742, 0.1285, 0.1366, 0.0829,
         0.1079],
        [0.0731, 0.1089, 0.0816, 0.1261, 0.0802, 0.0742, 0.1285, 0.1366, 0.0829,
         0.1079],
        [0.0731, 0.1089, 0.0816, 0.1261, 0.0802, 0.0742, 0.1285, 0.1366, 0.0829,
         0.1079],
        [0.0731, 0.1089, 0.0816, 0.1261, 0.0802, 0.0742, 0.1285, 0.1366, 0.0829,
         0.1079],
        [0.0731, 0.1089, 0.0816, 0.1261, 0.0802, 0.0742, 0.1285, 0.1366, 0.0829,
         0.1079],
        [0.0731, 0.1089, 0.0816, 0.1261, 0.0802, 0.0742, 0.1285, 0.1366, 0.0829,
         0.1079],
        [0.0731, 0.1089, 0.0816, 0.1261, 0.0802, 0.0742, 0.1285, 0.1366, 0.0829,
         0.1079],
        [0.0731, 0.1089, 0.0816, 0.1261, 0.0802, 0.0742, 0.1285, 0.1366, 0.0829,
         0.1079],
        [0.0731, 0.1089, 0.0816, 0.1261, 0.0802, 0.0742, 0.1285, 0.1366, 0.0829,
         0.1079],
        [0.0731, 0.1089, 0.0816, 0.1261, 0.0802, 0.0742, 0.1285, 0.1366, 0.0829,
         0.1079],
        [0.0731, 0.1089, 0.0816, 0.1261, 0.0802, 0.0742, 0.1285, 0.1366, 0.0829,
         0.1079],
        [0.0731, 0.1089, 0.0816, 0.1261, 0.0802, 0.0742, 0.1285, 0.1366, 0.0829,
         0.1079],
        [0.0731, 0.1089, 0.0816, 0.1261, 0.0802, 0.0742, 0.1285, 0.1366, 0.0829,
         0.1079],
        [0.0731, 0.1089, 0.0816, 0.1261, 0.0802, 0.0742, 0.1285, 0.1366, 0.0829,
         0.1079],
        [0.0731, 0.1089, 0.0816, 0.1261, 0.0802, 0.0742, 0.1285, 0.1366, 0.0829,
         0.1079],
        [0.0731, 0.1089, 0.0816, 0.1261, 0.0802, 0.0742, 0.1285, 0.1366, 0.0829,
         0.1079],
        [0.0731, 0.1089, 0.0816, 0.1261, 0.0802, 0.0742, 0.1285, 0.1366, 0.0829,
         0.1079],
        [0.0731, 0.1089, 0.0816, 0.1261, 0.0802, 0.0742, 0.1285, 0.1366, 0.0829,
         0.1079],
        [0.0731, 0.1089, 0.0816, 0.1261, 0.0802, 0.0742, 0.1285, 0.1366, 0.0829,
         0.1079],
        [0.0731, 0.1089, 0.0816, 0.1261, 0.0802, 0.0742, 0.1285, 0.1366, 0.0829,
         0.1079],
        [0.0731, 0.1089, 0.0816, 0.1261, 0.0802, 0.0742, 0.1285, 0.1366, 0.0829,
         0.1079],
        [0.0731, 0.1089, 0.0816, 0.1261, 0.0802, 0.0742, 0.1285, 0.1366, 0.0829,
         0.1079],
        [0.0731, 0.1089, 0.0816, 0.1261, 0.0802, 0.0742, 0.1285, 0.1366, 0.0829,
         0.1079],
        [0.0731, 0.1089, 0.0816, 0.1261, 0.0802, 0.0742, 0.1285, 0.1366, 0.0829,
         0.1079]], device='cuda:0', grad_fn=<SoftmaxBackward>)
>> best accuracy: 11.133333333333335	best epoch: 20

>> final recovery rate: 19.7%
