noise type: uniform
noise level: 0.0
when_to_apply_epoch: 20
total clean data num: 54000
probability transition matrix:
[[1. 0. 0. 0. 0. 0. 0. 0. 0. 0.]
 [0. 1. 0. 0. 0. 0. 0. 0. 0. 0.]
 [0. 0. 1. 0. 0. 0. 0. 0. 0. 0.]
 [0. 0. 0. 1. 0. 0. 0. 0. 0. 0.]
 [0. 0. 0. 0. 1. 0. 0. 0. 0. 0.]
 [0. 0. 0. 0. 0. 1. 0. 0. 0. 0.]
 [0. 0. 0. 0. 0. 0. 1. 0. 0. 0.]
 [0. 0. 0. 0. 0. 0. 0. 1. 0. 0.]
 [0. 0. 0. 0. 0. 0. 0. 0. 1. 0.]
 [0. 0. 0. 0. 0. 0. 0. 0. 0. 1.]]
>> val epoch: 0
>> current accuracy: 98.75%
outputs: tensor([[1.5150e-04, 5.0691e-06, 9.9851e-01, 2.2562e-04, 2.5601e-05, 1.8312e-05,
         2.8588e-05, 7.8044e-05, 2.8038e-04, 6.7301e-04],
        [9.9986e-01, 2.2551e-07, 4.6612e-07, 6.2218e-07, 7.9412e-07, 3.8731e-06,
         2.7904e-05, 3.1654e-07, 7.6594e-07, 1.0678e-04],
        [2.4266e-05, 4.6656e-05, 1.5688e-04, 1.8937e-05, 1.5101e-04, 2.4441e-05,
         1.3658e-05, 9.9404e-01, 1.0407e-05, 5.5135e-03],
        [3.5830e-06, 1.6602e-07, 1.1113e-06, 1.6198e-06, 1.8330e-07, 1.0222e-06,
         5.2451e-06, 6.0054e-08, 9.9977e-01, 2.1986e-04],
        [9.9967e-01, 3.6771e-07, 1.4186e-06, 2.1359e-06, 1.0628e-06, 1.0712e-05,
         2.8656e-05, 1.2669e-06, 2.6070e-06, 2.7762e-04],
        [1.9568e-04, 9.9113e-01, 5.4793e-03, 3.2195e-05, 7.3292e-04, 7.9352e-05,
         2.1127e-03, 7.7586e-05, 1.0142e-04, 5.4235e-05],
        [2.0072e-04, 8.6894e-04, 2.2583e-03, 5.9718e-04, 1.2525e-03, 2.5570e-03,
         2.0411e-04, 9.7601e-01, 2.8359e-04, 1.5763e-02],
        [1.6220e-05, 9.9845e-01, 1.0558e-03, 2.0875e-05, 9.6844e-05, 2.6803e-05,
         6.4801e-05, 2.4888e-04, 1.4092e-05, 8.6356e-06],
        [6.3450e-05, 9.9760e-01, 7.0583e-04, 2.8797e-05, 2.4562e-04, 5.6263e-05,
         1.1549e-03, 3.1727e-05, 8.4851e-05, 3.2023e-05],
        [1.1761e-04, 8.7213e-06, 2.9652e-05, 5.7713e-05, 9.2120e-05, 1.4775e-05,
         3.0911e-05, 1.7634e-06, 9.9921e-01, 4.3818e-04],
        [1.2417e-05, 9.9934e-01, 4.0596e-04, 1.7919e-05, 3.7644e-05, 2.3988e-05,
         5.2450e-05, 9.2593e-05, 1.3531e-05, 6.1433e-06],
        [4.8678e-06, 1.5646e-07, 3.1968e-09, 1.4681e-09, 1.6675e-06, 5.2276e-07,
         9.9999e-01, 7.0115e-10, 2.5121e-07, 3.0798e-06],
        [4.9478e-04, 8.7758e-06, 9.9076e-01, 2.7565e-04, 2.3076e-04, 5.5623e-05,
         2.2294e-04, 7.8123e-05, 6.2645e-03, 1.6040e-03],
        [1.5028e-05, 3.6899e-06, 2.1515e-06, 5.8059e-07, 9.9782e-01, 3.2223e-06,
         1.2782e-05, 3.7722e-06, 1.1225e-06, 2.1334e-03],
        [1.9958e-04, 2.7079e-03, 2.2110e-03, 8.7690e-04, 1.8814e-02, 3.9752e-03,
         3.5843e-04, 9.6230e-01, 2.6261e-04, 8.2940e-03],
        [2.0063e-07, 3.0407e-07, 4.9844e-06, 9.9978e-01, 1.2314e-07, 2.8801e-05,
         2.6051e-08, 3.3769e-07, 9.7711e-05, 8.7499e-05],
        [1.2066e-07, 8.3193e-09, 5.6707e-08, 2.7470e-05, 2.4318e-08, 9.9996e-01,
         3.1993e-06, 1.2926e-08, 2.6590e-06, 8.3776e-06],
        [7.7586e-06, 9.9964e-01, 6.4492e-05, 1.4980e-05, 2.9749e-05, 2.2725e-05,
         5.3581e-05, 1.3504e-04, 1.6663e-05, 1.3688e-05],
        [7.7916e-05, 9.9831e-01, 1.2271e-03, 2.0047e-05, 1.3144e-04, 2.5812e-05,
         1.2447e-04, 2.9122e-05, 4.3400e-05, 1.5525e-05],
        [1.5066e-05, 5.2975e-07, 2.8483e-06, 5.1406e-06, 3.2772e-06, 7.4316e-06,
         3.1896e-05, 2.0724e-07, 9.9967e-01, 2.6447e-04],
        [2.7519e-05, 9.9949e-01, 2.8316e-04, 1.9580e-05, 4.2428e-05, 2.0840e-05,
         5.7088e-05, 2.6058e-05, 1.6654e-05, 1.2684e-05],
        [7.0238e-06, 5.8054e-07, 9.0643e-07, 8.1355e-06, 4.0465e-06, 3.5771e-06,
         1.2804e-05, 1.6915e-07, 9.9898e-01, 9.7898e-04],
        [6.6994e-05, 3.2049e-06, 9.9880e-01, 1.1706e-04, 5.6895e-05, 1.1564e-05,
         5.3508e-05, 1.6223e-05, 2.6165e-04, 6.0864e-04],
        [3.7419e-07, 3.6019e-09, 2.4713e-07, 1.0884e-05, 4.0657e-08, 9.9984e-01,
         1.0925e-05, 1.0043e-08, 2.6298e-05, 1.1273e-04],
        [9.9981e-01, 2.5905e-06, 1.2109e-06, 1.1428e-06, 1.1220e-05, 1.6338e-05,
         1.3721e-04, 6.3851e-07, 5.7721e-07, 2.0983e-05],
        [2.2972e-06, 1.6931e-05, 4.1820e-05, 9.9498e-01, 2.2188e-05, 4.8028e-04,
         1.2167e-06, 8.1536e-06, 2.9290e-04, 4.1532e-03],
        [2.3634e-04, 4.1370e-03, 1.0099e-03, 5.7174e-04, 5.8842e-04, 1.0248e-03,
         1.1184e-04, 9.8500e-01, 4.2460e-04, 6.8986e-03],
        [9.4124e-06, 1.0763e-07, 6.0841e-07, 1.4472e-06, 6.4301e-07, 2.0782e-07,
         1.0030e-05, 4.4130e-08, 9.9888e-01, 1.0969e-03],
        [2.5522e-06, 2.3303e-05, 1.6426e-06, 1.0577e-07, 6.0252e-05, 1.6979e-05,
         9.9988e-01, 1.1429e-07, 6.9862e-06, 9.1802e-06],
        [2.4888e-04, 3.3970e-04, 1.4250e-03, 4.5255e-04, 4.4258e-04, 3.5461e-04,
         5.9322e-05, 9.6143e-01, 1.1099e-04, 3.5140e-02],
        [2.1012e-05, 6.1453e-05, 2.1417e-04, 1.9927e-05, 2.1358e-04, 6.9857e-05,
         1.7616e-05, 9.9844e-01, 1.2160e-05, 9.3058e-04],
        [4.2055e-05, 3.8746e-04, 4.0029e-04, 7.3440e-05, 2.4608e-04, 5.9054e-05,
         1.7195e-05, 9.9604e-01, 4.6541e-05, 2.6867e-03],
        [1.8945e-05, 4.8843e-05, 2.5057e-04, 9.7867e-01, 4.2101e-05, 5.7414e-03,
         7.3288e-06, 3.2787e-05, 5.6845e-04, 1.4624e-02],
        [5.4369e-06, 1.1703e-04, 1.3595e-04, 7.6367e-05, 2.0338e-04, 2.3648e-05,
         6.1491e-06, 9.9811e-01, 5.4191e-05, 1.2679e-03],
        [6.5168e-04, 5.3498e-04, 9.8869e-01, 1.6595e-03, 7.4160e-04, 4.0057e-04,
         3.8718e-04, 5.8689e-03, 2.4640e-04, 8.2174e-04],
        [1.1501e-05, 2.9284e-06, 9.3588e-06, 3.6944e-07, 6.4336e-06, 1.6183e-04,
         9.9775e-01, 2.1803e-07, 2.0012e-03, 5.5151e-05],
        [9.1780e-07, 3.3503e-06, 3.1702e-05, 9.9954e-01, 1.0073e-06, 1.1472e-04,
         2.0414e-07, 1.8216e-06, 1.1836e-04, 1.8430e-04],
        [9.1721e-06, 9.9956e-01, 2.9613e-04, 9.4763e-06, 2.6534e-05, 1.2164e-05,
         3.9483e-05, 4.1685e-05, 5.9930e-06, 4.0685e-06],
        [1.2260e-03, 3.2506e-04, 2.6309e-03, 3.0949e-04, 8.9426e-04, 5.6229e-04,
         2.2271e-04, 6.8663e-01, 9.1332e-04, 3.0629e-01],
        [6.7518e-06, 4.7338e-07, 4.3945e-07, 6.3028e-09, 9.9996e-01, 1.2177e-07,
         2.5563e-05, 8.2155e-08, 4.1822e-08, 6.0871e-06],
        [9.4973e-06, 9.9968e-01, 1.8392e-04, 9.5434e-06, 2.7745e-05, 9.7096e-06,
         3.1995e-05, 3.7379e-05, 7.4408e-06, 5.7846e-06],
        [4.3874e-07, 1.0568e-06, 7.6550e-06, 9.9974e-01, 2.4851e-07, 7.9869e-05,
         5.9703e-08, 7.4401e-07, 1.2103e-04, 4.7343e-05],
        [8.9401e-05, 6.3089e-04, 8.6019e-04, 4.3696e-04, 4.0042e-04, 1.9093e-04,
         2.8085e-05, 9.8854e-01, 1.0780e-04, 8.7179e-03],
        [5.0303e-05, 1.5463e-05, 9.9923e-01, 1.0878e-04, 7.7141e-05, 2.0466e-05,
         4.3700e-05, 1.0887e-04, 1.2998e-04, 2.1911e-04],
        [1.8334e-06, 7.3959e-07, 6.5037e-07, 8.0194e-08, 9.9989e-01, 8.1219e-07,
         2.5171e-06, 1.3565e-06, 1.7805e-07, 1.0625e-04],
        [3.4859e-03, 3.4889e-03, 6.3029e-02, 6.6990e-02, 2.8686e-03, 2.0115e-02,
         5.4367e-04, 7.1970e-01, 1.7687e-03, 1.1801e-01],
        [8.9728e-01, 4.2486e-05, 1.7183e-05, 4.9398e-05, 1.5308e-04, 4.3575e-03,
         9.7555e-02, 1.0628e-05, 2.0964e-04, 3.2282e-04],
        [9.9973e-01, 7.7056e-07, 8.7265e-07, 1.4393e-06, 3.5670e-06, 5.7464e-05,
         1.7881e-04, 6.7971e-07, 2.5146e-06, 2.6342e-05]],
       device='cuda:0', grad_fn=<SoftmaxBackward>)
>> best accuracy: 98.75	best epoch: 0

>> final recovery rate: 100.0%
>> val epoch: 5
>> current accuracy: 99.28333333333333%
outputs: tensor([[2.6168e-05, 3.6581e-05, 2.4081e-06, 2.3117e-06, 3.9801e-03, 4.3365e-06,
         1.4586e-05, 1.9546e-05, 5.8411e-05, 9.9586e-01],
        [2.5013e-06, 9.9998e-01, 1.1516e-06, 2.9761e-07, 1.2255e-06, 3.6365e-07,
         2.6375e-06, 4.5722e-06, 1.7176e-06, 1.0298e-06],
        [3.0650e-05, 9.4053e-05, 1.8092e-06, 1.0229e-06, 9.9973e-01, 5.7141e-06,
         3.5372e-05, 7.8998e-06, 4.2641e-05, 5.1816e-05],
        [2.4875e-06, 4.4023e-05, 1.9987e-06, 1.5530e-07, 4.1765e-06, 7.0002e-07,
         8.7115e-07, 9.9993e-01, 5.9625e-07, 1.4120e-05],
        [3.1568e-07, 3.0325e-08, 4.8657e-07, 2.3677e-07, 3.0938e-07, 2.0946e-07,
         7.2741e-06, 2.9297e-08, 9.9999e-01, 9.0943e-07],
        [3.6039e-06, 3.3775e-06, 2.6976e-07, 1.2374e-07, 9.9997e-01, 6.3284e-07,
         1.1895e-05, 1.0372e-06, 4.5551e-06, 7.9508e-06],
        [2.0166e-06, 9.9997e-01, 4.0321e-06, 1.2054e-06, 5.5912e-06, 7.9932e-07,
         2.1184e-06, 5.5831e-06, 3.1341e-06, 3.2087e-06],
        [1.4837e-06, 8.0282e-07, 3.2220e-06, 2.2085e-06, 4.0451e-05, 3.9922e-06,
         2.0635e-06, 1.0554e-05, 1.7234e-05, 9.9992e-01],
        [1.7314e-05, 1.1338e-06, 4.5822e-03, 4.3477e-05, 1.0498e-06, 2.9748e-06,
         2.8519e-05, 3.6358e-06, 9.9531e-01, 1.2514e-05],
        [2.1827e-06, 1.8963e-05, 1.5592e-05, 9.9984e-01, 1.1287e-06, 4.7005e-05,
         1.1408e-06, 2.6990e-05, 4.4865e-05, 4.4586e-06],
        [1.0000e+00, 9.8268e-08, 8.9522e-08, 1.1687e-08, 6.6428e-07, 3.7839e-08,
         6.1128e-07, 5.0226e-08, 1.6298e-07, 3.8180e-07],
        [2.1515e-07, 1.3238e-05, 2.8782e-06, 9.9994e-01, 6.9132e-07, 9.7166e-06,
         3.2747e-07, 1.2301e-05, 1.5462e-05, 4.0816e-06],
        [1.2898e-06, 2.6316e-07, 9.9998e-01, 2.6375e-07, 4.0068e-07, 2.7104e-07,
         1.1421e-06, 1.1122e-05, 1.7686e-07, 2.2851e-07],
        [6.8073e-06, 5.4492e-07, 1.8007e-07, 3.7570e-08, 1.6390e-06, 4.6035e-07,
         9.9998e-01, 1.9657e-08, 4.9900e-06, 3.9827e-07],
        [6.3994e-07, 9.1937e-06, 7.3602e-05, 9.9971e-01, 1.4007e-06, 5.7755e-05,
         5.1866e-06, 7.0908e-06, 1.2491e-04, 7.6880e-06],
        [1.9412e-03, 3.0752e-03, 8.9276e-04, 2.4208e-04, 5.1965e-03, 3.0196e-02,
         5.4167e-02, 1.1026e-03, 3.0464e-03, 9.0014e-01],
        [6.4582e-06, 4.1711e-06, 5.6932e-06, 9.5093e-05, 2.7794e-06, 9.9980e-01,
         3.8192e-05, 7.7113e-06, 2.4880e-05, 1.9528e-05],
        [3.2131e-06, 1.6360e-06, 2.3337e-06, 1.6350e-05, 3.3648e-06, 9.9986e-01,
         3.9037e-05, 6.4714e-06, 2.7825e-05, 4.1939e-05],
        [5.2830e-06, 1.2199e-06, 9.7695e-07, 1.3454e-05, 1.6322e-06, 9.9993e-01,
         1.0025e-05, 4.1334e-06, 2.6380e-05, 8.3533e-06],
        [4.3335e-05, 6.8270e-06, 9.9888e-01, 4.2910e-06, 5.3480e-06, 6.2224e-06,
         1.2934e-04, 8.9475e-04, 2.2986e-05, 1.0867e-05],
        [9.8403e-06, 2.4768e-05, 5.5644e-06, 2.0346e-04, 1.5343e-05, 9.9933e-01,
         1.2136e-04, 1.4811e-05, 2.1096e-04, 5.9535e-05],
        [1.5909e-05, 9.1168e-05, 9.9968e-01, 3.5263e-05, 8.9734e-06, 9.6412e-06,
         1.8107e-05, 1.3586e-04, 6.4446e-06, 3.2361e-06],
        [4.8131e-06, 9.9977e-01, 6.2134e-05, 6.7128e-05, 8.0133e-06, 3.5827e-06,
         5.9678e-06, 3.4682e-05, 2.6333e-05, 1.8955e-05],
        [3.9426e-06, 6.0781e-05, 8.6422e-06, 4.5890e-07, 4.3792e-06, 1.3551e-06,
         1.1061e-06, 9.9979e-01, 2.6335e-06, 1.2430e-04],
        [1.0000e+00, 2.8522e-08, 2.2953e-08, 4.3521e-09, 1.8910e-07, 7.0504e-09,
         2.1518e-07, 5.9700e-09, 5.5916e-08, 2.8157e-07],
        [8.3387e-06, 2.2071e-04, 4.6195e-04, 9.9523e-01, 3.2643e-05, 1.3987e-04,
         5.4069e-06, 3.6847e-03, 1.0595e-04, 1.0570e-04],
        [2.9442e-07, 3.3596e-06, 3.6244e-06, 9.9985e-01, 5.7429e-07, 1.3196e-05,
         9.0390e-07, 2.0841e-06, 1.2010e-04, 6.3240e-06],
        [4.4049e-07, 4.7658e-06, 2.0276e-05, 9.9990e-01, 2.1704e-07, 4.8422e-05,
         3.8580e-07, 1.2979e-05, 1.1048e-05, 2.4848e-06],
        [6.2926e-06, 9.9997e-01, 3.2512e-06, 1.0027e-06, 3.6320e-07, 3.3161e-07,
         1.8744e-06, 1.5748e-05, 2.4984e-06, 2.9249e-06],
        [1.7745e-06, 7.5525e-05, 3.2675e-05, 9.9950e-01, 1.1501e-05, 1.4439e-04,
         3.2275e-06, 1.2091e-04, 5.7452e-05, 5.2115e-05],
        [5.8942e-05, 1.6223e-05, 1.7659e-05, 9.8145e-05, 9.5710e-06, 9.9946e-01,
         7.5756e-05, 7.4960e-05, 1.2194e-04, 6.7129e-05],
        [1.5492e-04, 2.2305e-05, 1.1865e-05, 2.2097e-06, 2.8255e-05, 3.7917e-04,
         9.9926e-01, 3.7133e-06, 1.1080e-04, 2.4822e-05],
        [1.2011e-06, 9.9999e-01, 6.3711e-07, 8.5999e-08, 2.2400e-07, 8.1797e-08,
         7.8029e-07, 2.8340e-06, 4.1695e-07, 4.2728e-07],
        [9.9999e-01, 2.0560e-08, 6.7644e-07, 2.1994e-08, 5.0258e-07, 1.4255e-07,
         1.7967e-06, 3.4645e-07, 7.1152e-07, 2.3658e-06],
        [5.9123e-05, 2.0738e-05, 5.9959e-05, 1.4081e-04, 2.2631e-05, 9.9220e-01,
         6.8828e-03, 3.1150e-05, 4.2536e-04, 1.5285e-04],
        [3.7237e-05, 1.6592e-05, 1.6651e-03, 1.3772e-04, 6.4924e-06, 2.1885e-04,
         8.9538e-05, 2.3765e-05, 9.9722e-01, 5.8678e-04],
        [1.5995e-05, 3.1936e-05, 4.4564e-06, 2.0340e-06, 9.9850e-01, 4.4571e-06,
         2.1623e-04, 9.5716e-06, 1.4278e-04, 1.0682e-03],
        [1.3955e-04, 1.3393e-06, 5.6290e-07, 1.5312e-07, 5.9758e-06, 1.4817e-06,
         9.9981e-01, 7.8267e-08, 3.5134e-05, 1.7685e-06],
        [1.2620e-06, 6.6641e-08, 2.2064e-07, 4.6545e-08, 2.5343e-06, 1.0285e-07,
         1.5109e-07, 5.7327e-06, 2.4702e-06, 9.9999e-01],
        [8.3800e-06, 9.9997e-01, 2.3109e-06, 3.1337e-07, 6.0613e-07, 3.0187e-07,
         4.7502e-06, 4.4179e-06, 3.1702e-06, 1.3377e-06],
        [4.0003e-06, 2.8529e-05, 4.5951e-05, 9.9975e-01, 2.7591e-06, 5.0056e-05,
         1.7939e-06, 4.3572e-05, 5.9362e-05, 1.5092e-05],
        [2.5881e-06, 5.3345e-07, 1.5042e-05, 1.6434e-06, 2.3526e-05, 2.6345e-05,
         4.9204e-06, 1.0778e-05, 3.5310e-05, 9.9988e-01],
        [3.4161e-06, 3.6385e-06, 1.2976e-06, 1.2739e-07, 9.9996e-01, 6.1910e-07,
         1.4623e-05, 2.3280e-06, 4.6159e-06, 4.5284e-06],
        [2.3168e-07, 1.8227e-06, 2.7598e-06, 9.9994e-01, 2.1280e-07, 9.4480e-06,
         5.4484e-07, 7.8954e-07, 4.6654e-05, 2.0145e-06],
        [2.1830e-06, 7.1707e-07, 2.5969e-07, 1.3239e-08, 9.9999e-01, 1.2885e-07,
         7.2789e-06, 4.3243e-07, 5.2200e-07, 3.0138e-06],
        [1.6828e-05, 1.6195e-05, 5.9337e-05, 5.1599e-07, 1.2826e-05, 2.6766e-06,
         9.5473e-06, 9.9985e-01, 3.6711e-06, 2.9979e-05],
        [8.9025e-07, 9.8599e-08, 9.9999e-01, 9.5520e-08, 2.2289e-07, 1.0341e-07,
         6.2472e-07, 3.8196e-06, 3.4119e-07, 9.2826e-08],
        [2.8775e-03, 3.9168e-05, 5.3546e-05, 1.0778e-05, 2.3214e-04, 9.4400e-05,
         9.9537e-01, 7.6275e-06, 5.2208e-04, 7.9073e-04]],
       device='cuda:0', grad_fn=<SoftmaxBackward>)
>> best accuracy: 99.28333333333333	best epoch: 5

>> final recovery rate: 100.0%
>> val epoch: 10
>> current accuracy: 99.3%
outputs: tensor([[1.1933e-06, 1.5004e-07, 1.1634e-07, 7.8143e-06, 2.6744e-07, 9.9998e-01,
         2.9380e-06, 3.0886e-06, 5.1799e-07, 2.9282e-06],
        [7.0885e-05, 9.9250e-06, 1.3966e-05, 1.1447e-05, 4.0832e-06, 3.0115e-05,
         1.8885e-04, 1.6550e-05, 9.9963e-01, 2.0187e-05],
        [2.2963e-05, 6.1916e-07, 9.5220e-07, 7.4852e-07, 2.7046e-06, 9.6105e-07,
         1.8578e-05, 7.4844e-07, 9.9995e-01, 1.0774e-06],
        [3.7889e-05, 9.9959e-01, 4.2209e-05, 1.0274e-05, 1.7684e-05, 2.4416e-05,
         5.0386e-05, 1.6331e-04, 3.2505e-05, 3.0228e-05],
        [6.9630e-05, 9.9960e-01, 9.4767e-05, 3.1378e-05, 1.5261e-05, 1.5955e-05,
         2.7546e-05, 9.5149e-05, 2.7261e-05, 2.1027e-05],
        [5.5608e-06, 1.3122e-07, 5.9343e-07, 7.2489e-06, 1.0444e-06, 9.9993e-01,
         2.2202e-05, 8.7613e-07, 1.6034e-05, 1.3478e-05],
        [1.2050e-04, 9.9924e-01, 5.6235e-05, 8.8319e-05, 1.2484e-05, 3.2299e-05,
         3.2284e-05, 3.0450e-04, 6.0199e-05, 5.5881e-05],
        [5.8688e-06, 1.8022e-06, 9.1564e-06, 9.9968e-01, 8.7199e-07, 2.6842e-04,
         1.3026e-05, 3.3127e-06, 1.5449e-05, 6.5375e-06],
        [6.8929e-05, 9.9942e-01, 7.1269e-05, 2.5468e-05, 8.8556e-05, 1.5759e-05,
         5.2804e-05, 1.6573e-04, 4.7687e-05, 4.1999e-05],
        [1.2106e-03, 6.2558e-05, 7.7520e-03, 9.6275e-01, 6.6838e-05, 3.0938e-03,
         9.0775e-04, 6.7879e-04, 2.2277e-02, 1.2058e-03],
        [7.0758e-06, 6.6382e-06, 2.8236e-05, 9.9971e-01, 3.6914e-06, 1.0328e-04,
         1.4247e-05, 3.6203e-05, 6.8211e-05, 2.3602e-05],
        [1.0128e-05, 1.7875e-05, 2.6204e-05, 9.9958e-01, 3.2428e-06, 2.9220e-04,
         1.5236e-05, 2.3146e-05, 2.4026e-05, 1.2722e-05],
        [1.5069e-05, 4.7452e-06, 3.5684e-05, 2.3667e-06, 7.5381e-06, 4.6433e-06,
         8.2529e-05, 3.7322e-06, 9.9983e-01, 1.4710e-05],
        [1.1435e-05, 4.3167e-07, 8.0516e-07, 2.5305e-05, 1.3322e-06, 9.9989e-01,
         1.3930e-05, 3.8035e-06, 3.3250e-05, 1.8512e-05],
        [5.9697e-05, 6.7581e-06, 9.9955e-01, 5.7457e-05, 1.7229e-05, 4.5314e-06,
         7.5242e-05, 9.3193e-05, 8.5217e-05, 4.9216e-05],
        [4.4805e-06, 7.5911e-07, 8.0039e-07, 2.0447e-05, 2.1929e-07, 9.9995e-01,
         8.2519e-06, 6.6276e-06, 3.7033e-07, 3.0598e-06],
        [2.8449e-06, 7.5489e-07, 4.0102e-06, 4.5818e-07, 4.6854e-05, 1.5561e-06,
         3.2322e-06, 2.5454e-05, 2.9540e-05, 9.9989e-01],
        [1.5839e-05, 1.7615e-04, 5.8222e-05, 8.0932e-06, 9.9312e-01, 1.9325e-05,
         9.7518e-05, 6.4163e-03, 7.8385e-06, 7.7781e-05],
        [1.9946e-04, 9.9832e-01, 4.3512e-04, 4.2917e-05, 2.3983e-04, 4.3904e-05,
         7.8352e-05, 4.8532e-04, 5.6150e-05, 9.9341e-05],
        [3.0746e-06, 3.1558e-06, 1.1587e-06, 2.7205e-07, 9.9996e-01, 8.1503e-07,
         6.9856e-06, 4.2093e-06, 4.4964e-06, 1.4211e-05],
        [1.1314e-05, 1.0860e-05, 3.2371e-05, 9.9969e-01, 2.1447e-06, 2.0308e-04,
         1.2243e-05, 8.2527e-06, 1.2669e-05, 1.5006e-05],
        [1.1454e-04, 9.9624e-01, 9.3797e-04, 2.3258e-04, 9.4927e-04, 4.6136e-05,
         2.6219e-04, 5.7266e-04, 2.2829e-04, 4.1412e-04],
        [2.3638e-05, 6.4150e-07, 9.9992e-01, 5.3353e-06, 3.1848e-07, 6.5195e-07,
         9.5779e-06, 3.5406e-05, 8.6955e-07, 2.0345e-06],
        [7.7308e-06, 8.4117e-07, 1.2774e-06, 9.3524e-07, 3.2023e-05, 1.0452e-06,
         1.9887e-06, 6.3826e-06, 6.7376e-06, 9.9994e-01],
        [1.8315e-05, 1.3271e-06, 5.6917e-06, 9.1855e-07, 3.3652e-06, 1.9877e-05,
         9.9994e-01, 1.1139e-06, 7.9434e-06, 3.2700e-06],
        [4.3430e-04, 1.3639e-05, 2.3637e-05, 5.3929e-05, 1.5954e-04, 2.0155e-03,
         9.9694e-01, 1.9215e-05, 1.8057e-04, 1.6065e-04],
        [4.8370e-05, 9.9975e-01, 3.3402e-05, 1.9753e-05, 1.0692e-05, 1.1715e-05,
         1.9083e-05, 8.2682e-05, 1.0068e-05, 1.1880e-05],
        [1.1354e-05, 1.1473e-04, 8.1871e-05, 9.9901e-01, 1.4175e-05, 5.3049e-04,
         1.6992e-05, 1.3866e-04, 3.2999e-05, 5.2937e-05],
        [1.0000e+00, 3.5001e-08, 9.5655e-08, 4.5748e-08, 1.8341e-07, 1.3308e-07,
         3.2355e-06, 3.0041e-07, 2.2656e-07, 4.7021e-07],
        [9.9997e-01, 4.2732e-08, 1.3659e-06, 1.0163e-07, 9.9275e-07, 9.1262e-08,
         2.8411e-06, 3.0772e-06, 8.4384e-07, 2.4938e-05],
        [1.6313e-05, 5.1062e-05, 6.7508e-05, 9.9819e-01, 1.1430e-05, 1.2967e-03,
         2.9292e-05, 2.4318e-04, 4.5163e-05, 4.6677e-05],
        [9.5921e-06, 8.1684e-07, 4.2236e-06, 6.8363e-07, 5.5965e-06, 2.8597e-06,
         9.9996e-01, 3.1193e-07, 9.3885e-06, 7.0237e-06],
        [2.5494e-05, 1.8183e-07, 9.9994e-01, 1.4172e-06, 1.4570e-06, 3.7239e-07,
         8.7532e-06, 1.4198e-05, 1.9762e-06, 3.8906e-06],
        [2.1698e-05, 9.9978e-01, 4.8697e-05, 1.2081e-05, 1.2633e-05, 5.7492e-06,
         1.6247e-05, 6.4550e-05, 1.2978e-05, 2.1720e-05],
        [2.7621e-06, 2.5062e-06, 4.0874e-06, 2.5480e-07, 9.9994e-01, 8.0443e-07,
         7.6119e-06, 9.9169e-06, 7.4128e-06, 2.6044e-05],
        [3.7663e-07, 1.3790e-06, 1.4690e-05, 5.5000e-07, 2.9392e-06, 3.2779e-07,
         1.9894e-07, 9.9998e-01, 1.6648e-07, 2.0784e-06],
        [2.7458e-05, 9.9985e-01, 3.7343e-05, 9.1242e-06, 6.6214e-06, 8.8993e-06,
         2.4185e-05, 2.8390e-05, 7.3579e-06, 4.5464e-06],
        [3.1397e-05, 5.5162e-07, 1.5311e-06, 5.3570e-07, 7.9049e-07, 3.8272e-07,
         9.6713e-05, 2.8938e-06, 9.9986e-01, 1.9232e-06],
        [1.0441e-04, 3.0286e-05, 3.4353e-04, 1.5679e-05, 1.1335e-02, 3.6275e-05,
         1.6405e-04, 3.3751e-03, 2.5328e-03, 9.8206e-01],
        [1.2064e-05, 4.7877e-07, 9.9994e-01, 3.6775e-06, 6.1081e-07, 2.9919e-07,
         7.1086e-06, 3.3372e-05, 8.4258e-07, 3.0539e-06],
        [1.7416e-05, 1.3080e-05, 4.3130e-06, 1.1911e-06, 9.9990e-01, 5.6798e-06,
         1.7352e-05, 7.0031e-06, 1.4906e-05, 2.1497e-05],
        [1.1844e-05, 3.2474e-06, 1.9062e-05, 1.7769e-06, 5.3776e-07, 1.7472e-06,
         7.1954e-07, 9.9995e-01, 6.3096e-07, 5.4716e-06],
        [2.4549e-06, 3.9952e-06, 4.7753e-07, 1.3233e-07, 9.9997e-01, 4.2951e-07,
         5.2959e-06, 1.5536e-06, 1.1366e-06, 1.1503e-05],
        [2.9888e-06, 6.1248e-06, 2.4262e-06, 5.6403e-07, 9.9993e-01, 1.1732e-06,
         1.0634e-05, 1.1705e-05, 5.2445e-06, 2.5892e-05],
        [8.6935e-06, 8.2257e-07, 4.6265e-06, 3.8623e-06, 7.5448e-06, 2.6284e-06,
         7.6575e-06, 9.1211e-06, 7.1073e-05, 9.9988e-01],
        [2.3307e-05, 9.9989e-01, 2.2432e-05, 6.6488e-06, 6.2145e-06, 5.4793e-06,
         1.3111e-05, 2.3590e-05, 5.5834e-06, 4.9451e-06],
        [2.8999e-03, 9.1008e-06, 2.1246e-04, 8.8052e-04, 5.3841e-04, 9.7587e-01,
         3.2716e-04, 1.1470e-04, 7.1389e-03, 1.2006e-02],
        [2.9670e-05, 1.0048e-06, 6.6093e-06, 1.1638e-06, 5.4750e-07, 4.3598e-07,
         3.6858e-05, 1.2917e-06, 9.9992e-01, 5.2933e-06]],
       device='cuda:0', grad_fn=<SoftmaxBackward>)
>> best accuracy: 99.3	best epoch: 10

>> final recovery rate: 100.0%
>> val epoch: 15
>> current accuracy: 99.56666666666666%
outputs: tensor([[1.8739e-06, 1.9288e-05, 2.2041e-05, 9.9988e-01, 4.9059e-06, 2.7834e-05,
         4.0065e-06, 1.6588e-05, 1.2468e-05, 1.5326e-05],
        [9.8881e-06, 6.1438e-05, 4.7777e-05, 9.9949e-01, 3.3880e-05, 1.9169e-04,
         1.8027e-05, 6.6921e-05, 2.7924e-05, 5.3864e-05],
        [5.3899e-06, 5.4348e-05, 1.0739e-04, 7.4259e-06, 5.9381e-05, 7.0254e-06,
         7.8206e-06, 9.9973e-01, 4.4030e-06, 1.9746e-05],
        [9.9954e-01, 8.7534e-05, 2.6098e-05, 4.6024e-05, 3.6388e-05, 5.2821e-05,
         8.8428e-05, 1.8244e-05, 7.8098e-05, 2.2737e-05],
        [3.3118e-06, 4.5639e-05, 6.3392e-05, 4.3822e-06, 3.2109e-05, 6.4514e-06,
         5.9057e-06, 9.9982e-01, 1.9306e-06, 1.6521e-05],
        [6.2531e-06, 4.6468e-05, 6.8504e-05, 8.1847e-06, 4.0418e-05, 8.5064e-06,
         5.9127e-06, 9.9977e-01, 4.8759e-06, 3.7462e-05],
        [1.5617e-07, 3.5549e-07, 9.9999e-01, 2.3881e-06, 3.9631e-07, 1.2963e-07,
         7.7123e-07, 3.6729e-07, 8.0907e-07, 1.4469e-07],
        [9.9687e-01, 5.7547e-05, 1.1471e-03, 4.3031e-05, 1.4796e-04, 3.5419e-04,
         7.5289e-04, 1.5338e-04, 3.4418e-04, 1.3308e-04],
        [2.0699e-06, 2.6132e-06, 1.0480e-05, 4.6837e-07, 2.8963e-06, 3.1522e-06,
         9.9997e-01, 7.2779e-07, 2.4030e-06, 1.1782e-06],
        [9.9939e-01, 5.7331e-05, 1.8400e-04, 2.1319e-05, 6.4945e-05, 3.2160e-05,
         6.2710e-05, 2.5836e-05, 1.2811e-04, 3.4649e-05],
        [2.3153e-06, 4.9139e-05, 4.8294e-05, 2.9391e-06, 3.7312e-05, 3.4630e-06,
         4.9574e-06, 9.9984e-01, 1.5612e-06, 8.7617e-06],
        [9.4727e-01, 7.3510e-04, 1.9746e-04, 2.0347e-04, 4.2504e-03, 2.4704e-03,
         4.2611e-02, 4.3768e-04, 1.6604e-03, 1.6008e-04],
        [9.9960e-01, 2.6956e-05, 4.6366e-05, 1.8568e-05, 1.7196e-05, 3.5069e-05,
         1.1803e-04, 4.3185e-05, 3.8869e-05, 5.9930e-05],
        [4.4045e-06, 1.7517e-06, 1.2741e-05, 2.3303e-06, 2.6211e-05, 7.2353e-06,
         1.2328e-05, 1.8329e-05, 2.7596e-06, 9.9991e-01],
        [9.9831e-01, 9.1787e-05, 3.4851e-04, 7.7809e-05, 1.3305e-04, 2.9481e-04,
         2.8385e-04, 1.4125e-04, 2.1226e-04, 1.0387e-04],
        [1.9489e-06, 9.9992e-01, 1.9752e-05, 3.1455e-06, 2.6293e-05, 1.9942e-06,
         6.4664e-06, 1.2137e-05, 4.0835e-06, 3.8793e-06],
        [9.9959e-01, 2.9371e-05, 1.1563e-04, 1.7322e-05, 3.2030e-05, 2.8605e-05,
         5.9528e-05, 3.1821e-05, 3.7170e-05, 5.4146e-05],
        [8.9458e-06, 3.6775e-06, 1.0018e-05, 4.7655e-06, 1.2029e-05, 9.0348e-06,
         1.0473e-05, 3.4811e-05, 1.2776e-05, 9.9989e-01],
        [3.8431e-06, 5.8926e-06, 2.5573e-05, 1.5848e-05, 2.0968e-05, 3.7732e-04,
         7.6867e-05, 1.6130e-06, 9.9943e-01, 4.2079e-05],
        [9.9902e-01, 9.1428e-05, 1.3807e-04, 3.4844e-05, 1.2278e-04, 1.9899e-04,
         1.2145e-04, 1.1575e-04, 8.1901e-05, 7.4340e-05],
        [1.1034e-07, 1.2029e-07, 3.1233e-07, 1.9790e-08, 1.0000e+00, 8.0284e-08,
         2.4517e-07, 1.0599e-07, 1.9082e-07, 1.4621e-06],
        [9.9651e-01, 1.7562e-04, 9.3818e-04, 9.5611e-05, 6.4561e-04, 1.6528e-04,
         2.8165e-04, 3.8143e-04, 1.6377e-04, 6.4094e-04],
        [2.3891e-06, 2.7670e-06, 2.3714e-06, 6.6055e-07, 6.0959e-06, 7.0478e-06,
         9.9997e-01, 4.4808e-07, 1.6886e-06, 2.4650e-06],
        [1.8540e-05, 8.0114e-05, 4.1318e-05, 9.5216e-05, 2.8732e-05, 6.2168e-06,
         3.2534e-05, 8.7803e-06, 9.9965e-01, 4.2349e-05],
        [9.9891e-01, 1.3876e-04, 7.5507e-05, 3.1576e-05, 2.6999e-04, 1.8249e-04,
         9.1481e-05, 8.2935e-05, 8.6530e-05, 1.2996e-04],
        [1.2885e-06, 9.9997e-01, 7.2903e-06, 3.0510e-06, 4.9772e-06, 1.2591e-06,
         1.8572e-06, 1.0280e-05, 2.4221e-06, 1.4545e-06],
        [9.9937e-01, 1.4885e-04, 4.7261e-05, 2.6223e-05, 1.9682e-04, 2.6284e-05,
         1.0333e-04, 1.0697e-05, 4.7097e-05, 1.9173e-05],
        [1.0791e-06, 2.0112e-05, 4.5071e-06, 9.9994e-01, 3.1261e-06, 1.5960e-05,
         3.6477e-06, 6.4381e-06, 5.4043e-06, 4.4567e-06],
        [1.0927e-05, 1.3347e-05, 4.5016e-05, 3.7828e-05, 2.3447e-05, 9.9961e-01,
         3.8990e-05, 1.3289e-05, 6.9689e-05, 1.3616e-04],
        [3.5326e-06, 7.0713e-06, 3.7121e-05, 7.3741e-06, 1.7083e-05, 9.9975e-01,
         4.8033e-05, 6.6666e-06, 8.2343e-06, 1.1536e-04],
        [3.9405e-06, 1.6197e-06, 5.1902e-06, 3.1988e-07, 2.7064e-05, 5.3373e-06,
         9.9995e-01, 2.3335e-07, 1.0849e-06, 5.7626e-07],
        [1.6744e-06, 9.9993e-01, 2.2599e-05, 3.3885e-06, 1.4683e-05, 2.1538e-06,
         5.2196e-06, 1.2806e-05, 3.6340e-06, 5.2376e-06],
        [3.9339e-06, 5.8950e-05, 6.9311e-05, 4.9766e-06, 2.3273e-05, 8.9902e-06,
         6.3832e-06, 9.9981e-01, 4.5003e-06, 8.1896e-06],
        [5.3152e-04, 1.6832e-03, 1.0767e-03, 6.9915e-04, 3.0199e-03, 9.3579e-01,
         5.3910e-02, 7.3038e-04, 2.1248e-03, 4.3136e-04],
        [1.1265e-05, 9.7065e-06, 4.7649e-05, 1.0914e-05, 1.7378e-05, 3.3702e-06,
         1.7981e-05, 6.2404e-06, 9.9986e-01, 1.2905e-05],
        [1.3056e-06, 2.9460e-05, 3.0775e-05, 9.9989e-01, 3.3813e-06, 1.3902e-05,
         5.1459e-06, 1.1811e-05, 7.3335e-06, 8.9880e-06],
        [4.5829e-06, 2.2025e-06, 7.2815e-06, 1.9130e-06, 8.2037e-06, 5.1424e-06,
         2.7521e-06, 1.8683e-05, 2.5241e-06, 9.9995e-01],
        [3.2804e-06, 2.4833e-06, 1.7068e-05, 1.1128e-05, 4.2962e-06, 3.5680e-06,
         3.8067e-05, 1.2785e-06, 9.9991e-01, 1.0888e-05],
        [3.0982e-07, 8.2105e-07, 4.1978e-07, 1.2969e-07, 9.9999e-01, 2.2728e-07,
         1.3238e-06, 4.9973e-07, 2.6467e-07, 6.7112e-06],
        [1.3144e-05, 5.9120e-06, 7.4592e-06, 1.4752e-06, 8.4464e-05, 3.1940e-06,
         6.4275e-06, 1.4139e-04, 4.9130e-06, 9.9973e-01],
        [2.9098e-06, 4.7048e-06, 1.7370e-06, 2.0494e-05, 9.5964e-06, 9.9992e-01,
         1.7128e-05, 4.1301e-06, 3.7381e-06, 1.1701e-05],
        [1.8936e-06, 1.6287e-05, 2.5849e-05, 9.9988e-01, 4.0172e-06, 1.8301e-05,
         3.4672e-06, 1.7142e-05, 1.1277e-05, 2.2163e-05],
        [3.3754e-06, 9.3518e-06, 1.2990e-05, 9.9988e-01, 5.0811e-06, 4.2918e-05,
         8.2380e-06, 5.8506e-06, 2.1318e-05, 1.2950e-05],
        [3.8921e-05, 4.3239e-05, 2.5476e-04, 3.4023e-05, 1.6517e-04, 5.1486e-05,
         6.1508e-05, 1.6734e-03, 5.9448e-05, 9.9762e-01],
        [4.0010e-06, 3.8604e-06, 7.5875e-06, 1.0760e-05, 3.0849e-06, 1.8281e-06,
         5.6335e-05, 1.4566e-06, 9.9989e-01, 2.1904e-05],
        [2.0244e-06, 9.9991e-01, 7.4466e-06, 1.0656e-05, 2.7146e-05, 4.8013e-06,
         6.4047e-06, 2.8313e-05, 2.2067e-06, 5.1153e-06],
        [7.8816e-06, 2.0567e-05, 6.4495e-06, 1.1382e-04, 1.8109e-05, 9.9972e-01,
         6.1433e-05, 2.0737e-05, 1.2111e-05, 2.2975e-05],
        [3.8314e-06, 9.0956e-06, 8.2719e-06, 9.4627e-06, 1.8794e-05, 7.2263e-06,
         5.5931e-05, 3.4375e-06, 9.9983e-01, 4.9995e-05]],
       device='cuda:0', grad_fn=<SoftmaxBackward>)
>> best accuracy: 99.56666666666666	best epoch: 15

>> final recovery rate: 100.0%
