noise type: uniform
noise level: 0.8
when_to_apply_epoch: 10
total clean data num: 10893
probability transition matrix:
[[0.2        0.08888889 0.08888889 0.08888889 0.08888889 0.08888889
  0.08888889 0.08888889 0.08888889 0.08888889]
 [0.08888889 0.2        0.08888889 0.08888889 0.08888889 0.08888889
  0.08888889 0.08888889 0.08888889 0.08888889]
 [0.08888889 0.08888889 0.2        0.08888889 0.08888889 0.08888889
  0.08888889 0.08888889 0.08888889 0.08888889]
 [0.08888889 0.08888889 0.08888889 0.2        0.08888889 0.08888889
  0.08888889 0.08888889 0.08888889 0.08888889]
 [0.08888889 0.08888889 0.08888889 0.08888889 0.2        0.08888889
  0.08888889 0.08888889 0.08888889 0.08888889]
 [0.08888889 0.08888889 0.08888889 0.08888889 0.08888889 0.2
  0.08888889 0.08888889 0.08888889 0.08888889]
 [0.08888889 0.08888889 0.08888889 0.08888889 0.08888889 0.08888889
  0.2        0.08888889 0.08888889 0.08888889]
 [0.08888889 0.08888889 0.08888889 0.08888889 0.08888889 0.08888889
  0.08888889 0.2        0.08888889 0.08888889]
 [0.08888889 0.08888889 0.08888889 0.08888889 0.08888889 0.08888889
  0.08888889 0.08888889 0.2        0.08888889]
 [0.08888889 0.08888889 0.08888889 0.08888889 0.08888889 0.08888889
  0.08888889 0.08888889 0.08888889 0.2       ]]
>> val epoch: 0
>> current accuracy: 10.433333333333334%
outputs: tensor([[0.1000, 0.0956, 0.1042, 0.0869, 0.0939, 0.1074, 0.1097, 0.0861, 0.1007,
         0.1155],
        [0.1067, 0.1054, 0.1040, 0.1036, 0.0856, 0.0971, 0.1156, 0.0842, 0.0939,
         0.1039],
        [0.1066, 0.1054, 0.1036, 0.1050, 0.0852, 0.0987, 0.1154, 0.0839, 0.0943,
         0.1020],
        [0.1064, 0.1058, 0.1037, 0.1045, 0.0853, 0.0984, 0.1155, 0.0838, 0.0943,
         0.1023],
        [0.1067, 0.1054, 0.1040, 0.1035, 0.0856, 0.0971, 0.1156, 0.0842, 0.0939,
         0.1039],
        [0.1067, 0.1052, 0.1040, 0.1042, 0.0854, 0.0976, 0.1156, 0.0841, 0.0939,
         0.1032],
        [0.1066, 0.1053, 0.1038, 0.1048, 0.0853, 0.0983, 0.1155, 0.0839, 0.0941,
         0.1024],
        [0.1067, 0.1054, 0.1040, 0.1035, 0.0856, 0.0971, 0.1156, 0.0842, 0.0939,
         0.1039],
        [0.1067, 0.1054, 0.1040, 0.1038, 0.0855, 0.0973, 0.1156, 0.0842, 0.0939,
         0.1037],
        [0.1067, 0.1053, 0.1040, 0.1040, 0.0854, 0.0975, 0.1156, 0.0841, 0.0939,
         0.1034],
        [0.1067, 0.1054, 0.1040, 0.1036, 0.0856, 0.0971, 0.1156, 0.0842, 0.0939,
         0.1039],
        [0.1067, 0.1054, 0.1040, 0.1035, 0.0856, 0.0971, 0.1156, 0.0842, 0.0939,
         0.1039],
        [0.1067, 0.1054, 0.1040, 0.1036, 0.0856, 0.0971, 0.1156, 0.0842, 0.0939,
         0.1039],
        [0.1067, 0.1054, 0.1040, 0.1037, 0.0856, 0.0972, 0.1156, 0.0842, 0.0939,
         0.1037],
        [0.1067, 0.1054, 0.1040, 0.1036, 0.0856, 0.0971, 0.1156, 0.0842, 0.0939,
         0.1039],
        [0.1067, 0.1054, 0.1040, 0.1037, 0.0856, 0.0972, 0.1156, 0.0842, 0.0939,
         0.1038],
        [0.1067, 0.1054, 0.1040, 0.1036, 0.0856, 0.0972, 0.1156, 0.0842, 0.0939,
         0.1038],
        [0.1067, 0.1054, 0.1040, 0.1036, 0.0856, 0.0972, 0.1156, 0.0842, 0.0939,
         0.1039],
        [0.1067, 0.1053, 0.1040, 0.1038, 0.0855, 0.0973, 0.1156, 0.0842, 0.0939,
         0.1036],
        [0.1067, 0.1054, 0.1040, 0.1036, 0.0856, 0.0971, 0.1156, 0.0842, 0.0939,
         0.1039],
        [0.1067, 0.1054, 0.1040, 0.1036, 0.0856, 0.0971, 0.1156, 0.0842, 0.0939,
         0.1039],
        [0.1066, 0.1053, 0.1039, 0.1045, 0.0853, 0.0981, 0.1156, 0.0839, 0.0940,
         0.1026],
        [0.1063, 0.1082, 0.1045, 0.1000, 0.0864, 0.0950, 0.1155, 0.0833, 0.0937,
         0.1071],
        [0.1066, 0.1053, 0.1038, 0.1048, 0.0853, 0.0983, 0.1155, 0.0839, 0.0941,
         0.1024],
        [0.1067, 0.1054, 0.1040, 0.1036, 0.0856, 0.0971, 0.1156, 0.0842, 0.0939,
         0.1039],
        [0.1064, 0.1085, 0.1042, 0.0994, 0.0866, 0.0949, 0.1153, 0.0833, 0.0939,
         0.1077],
        [0.1067, 0.1053, 0.1040, 0.1040, 0.0854, 0.0975, 0.1156, 0.0841, 0.0939,
         0.1034],
        [0.1067, 0.1054, 0.1040, 0.1036, 0.0856, 0.0971, 0.1156, 0.0842, 0.0939,
         0.1039],
        [0.1067, 0.1053, 0.1040, 0.1039, 0.0855, 0.0974, 0.1156, 0.0842, 0.0939,
         0.1036],
        [0.1067, 0.1054, 0.1040, 0.1036, 0.0856, 0.0971, 0.1156, 0.0842, 0.0939,
         0.1039],
        [0.1067, 0.1054, 0.1040, 0.1036, 0.0856, 0.0971, 0.1156, 0.0842, 0.0939,
         0.1039],
        [0.1067, 0.1054, 0.1040, 0.1036, 0.0856, 0.0971, 0.1156, 0.0842, 0.0939,
         0.1039],
        [0.1067, 0.1053, 0.1040, 0.1038, 0.0855, 0.0973, 0.1156, 0.0842, 0.0939,
         0.1036],
        [0.1067, 0.1054, 0.1040, 0.1036, 0.0856, 0.0971, 0.1156, 0.0842, 0.0939,
         0.1039],
        [0.1067, 0.1054, 0.1040, 0.1037, 0.0855, 0.0973, 0.1156, 0.0842, 0.0939,
         0.1037],
        [0.1067, 0.1054, 0.1040, 0.1037, 0.0856, 0.0972, 0.1156, 0.0842, 0.0939,
         0.1037],
        [0.1067, 0.1054, 0.1040, 0.1036, 0.0856, 0.0971, 0.1156, 0.0842, 0.0939,
         0.1039],
        [0.1067, 0.1054, 0.1040, 0.1036, 0.0856, 0.0971, 0.1156, 0.0842, 0.0939,
         0.1039],
        [0.1067, 0.1054, 0.1040, 0.1037, 0.0856, 0.0972, 0.1156, 0.0842, 0.0939,
         0.1037],
        [0.1067, 0.1054, 0.1040, 0.1036, 0.0856, 0.0971, 0.1156, 0.0842, 0.0939,
         0.1039],
        [0.1067, 0.1052, 0.1040, 0.1043, 0.0853, 0.0977, 0.1156, 0.0841, 0.0939,
         0.1031],
        [0.1067, 0.1054, 0.1040, 0.1038, 0.0855, 0.0973, 0.1156, 0.0842, 0.0939,
         0.1037],
        [0.1067, 0.1054, 0.1040, 0.1035, 0.0856, 0.0971, 0.1156, 0.0842, 0.0939,
         0.1039],
        [0.1064, 0.1082, 0.1044, 0.0998, 0.0865, 0.0949, 0.1155, 0.0833, 0.0938,
         0.1072],
        [0.1067, 0.1052, 0.1040, 0.1045, 0.0852, 0.0979, 0.1156, 0.0841, 0.0939,
         0.1028],
        [0.1067, 0.1054, 0.1040, 0.1036, 0.0856, 0.0971, 0.1156, 0.0842, 0.0939,
         0.1039],
        [0.1067, 0.1054, 0.1040, 0.1036, 0.0856, 0.0971, 0.1156, 0.0842, 0.0939,
         0.1039],
        [0.1066, 0.1054, 0.1037, 0.1045, 0.0854, 0.0982, 0.1155, 0.0839, 0.0942,
         0.1025]], device='cuda:0', grad_fn=<SoftmaxBackward>)
>> best accuracy: 10.433333333333334	best epoch: 0

>> final recovery rate: 20.17222222222222%
>> val epoch: 5
>> current accuracy: 9.6%
outputs: tensor([[0.0991, 0.0914, 0.1056, 0.1105, 0.0950, 0.1086, 0.0979, 0.0883, 0.0921,
         0.1115],
        [0.0991, 0.0914, 0.1056, 0.1105, 0.0950, 0.1086, 0.0979, 0.0883, 0.0921,
         0.1115],
        [0.0991, 0.0914, 0.1056, 0.1105, 0.0950, 0.1086, 0.0979, 0.0883, 0.0921,
         0.1115],
        [0.0991, 0.0914, 0.1056, 0.1105, 0.0950, 0.1086, 0.0979, 0.0883, 0.0921,
         0.1115],
        [0.0991, 0.0914, 0.1056, 0.1105, 0.0950, 0.1086, 0.0979, 0.0883, 0.0921,
         0.1115],
        [0.0991, 0.0914, 0.1056, 0.1105, 0.0950, 0.1086, 0.0979, 0.0883, 0.0921,
         0.1115],
        [0.0991, 0.0914, 0.1056, 0.1105, 0.0950, 0.1086, 0.0979, 0.0883, 0.0921,
         0.1115],
        [0.0991, 0.0914, 0.1056, 0.1105, 0.0950, 0.1086, 0.0979, 0.0883, 0.0921,
         0.1115],
        [0.0991, 0.0914, 0.1056, 0.1105, 0.0950, 0.1086, 0.0979, 0.0883, 0.0921,
         0.1115],
        [0.0991, 0.0914, 0.1056, 0.1105, 0.0950, 0.1086, 0.0979, 0.0883, 0.0921,
         0.1115],
        [0.0991, 0.0914, 0.1056, 0.1105, 0.0950, 0.1086, 0.0979, 0.0883, 0.0921,
         0.1115],
        [0.0991, 0.0914, 0.1056, 0.1105, 0.0950, 0.1086, 0.0979, 0.0883, 0.0921,
         0.1115],
        [0.0991, 0.0914, 0.1056, 0.1105, 0.0950, 0.1086, 0.0979, 0.0883, 0.0921,
         0.1115],
        [0.0991, 0.0914, 0.1056, 0.1105, 0.0950, 0.1086, 0.0979, 0.0883, 0.0921,
         0.1115],
        [0.0991, 0.0914, 0.1056, 0.1105, 0.0950, 0.1086, 0.0979, 0.0883, 0.0921,
         0.1115],
        [0.0991, 0.0914, 0.1056, 0.1105, 0.0950, 0.1086, 0.0979, 0.0883, 0.0921,
         0.1115],
        [0.0991, 0.0914, 0.1056, 0.1105, 0.0950, 0.1086, 0.0979, 0.0883, 0.0921,
         0.1115],
        [0.0991, 0.0914, 0.1056, 0.1105, 0.0950, 0.1086, 0.0979, 0.0883, 0.0921,
         0.1115],
        [0.0991, 0.0914, 0.1056, 0.1105, 0.0950, 0.1086, 0.0979, 0.0883, 0.0921,
         0.1115],
        [0.0991, 0.0914, 0.1056, 0.1105, 0.0950, 0.1086, 0.0979, 0.0883, 0.0921,
         0.1115],
        [0.0991, 0.0914, 0.1056, 0.1105, 0.0950, 0.1086, 0.0979, 0.0883, 0.0921,
         0.1115],
        [0.0991, 0.0914, 0.1056, 0.1105, 0.0950, 0.1086, 0.0979, 0.0883, 0.0921,
         0.1115],
        [0.0991, 0.0914, 0.1056, 0.1105, 0.0950, 0.1086, 0.0979, 0.0883, 0.0921,
         0.1115],
        [0.0991, 0.0914, 0.1056, 0.1105, 0.0950, 0.1086, 0.0979, 0.0883, 0.0921,
         0.1115],
        [0.0991, 0.0914, 0.1056, 0.1105, 0.0950, 0.1086, 0.0979, 0.0883, 0.0921,
         0.1115],
        [0.0991, 0.0914, 0.1056, 0.1105, 0.0950, 0.1086, 0.0979, 0.0883, 0.0921,
         0.1115],
        [0.0991, 0.0914, 0.1056, 0.1105, 0.0950, 0.1086, 0.0979, 0.0883, 0.0921,
         0.1115],
        [0.0991, 0.0914, 0.1056, 0.1105, 0.0950, 0.1086, 0.0979, 0.0883, 0.0921,
         0.1115],
        [0.0991, 0.0914, 0.1056, 0.1105, 0.0950, 0.1086, 0.0979, 0.0883, 0.0921,
         0.1115],
        [0.0991, 0.0914, 0.1056, 0.1105, 0.0950, 0.1086, 0.0979, 0.0883, 0.0921,
         0.1115],
        [0.0991, 0.0914, 0.1056, 0.1105, 0.0950, 0.1086, 0.0979, 0.0883, 0.0921,
         0.1115],
        [0.0991, 0.0914, 0.1056, 0.1105, 0.0950, 0.1086, 0.0979, 0.0883, 0.0921,
         0.1115],
        [0.0991, 0.0914, 0.1056, 0.1105, 0.0950, 0.1086, 0.0979, 0.0883, 0.0921,
         0.1115],
        [0.0991, 0.0914, 0.1056, 0.1105, 0.0950, 0.1086, 0.0979, 0.0883, 0.0921,
         0.1115],
        [0.0991, 0.0914, 0.1056, 0.1105, 0.0950, 0.1086, 0.0979, 0.0883, 0.0921,
         0.1115],
        [0.0991, 0.0914, 0.1056, 0.1105, 0.0950, 0.1086, 0.0979, 0.0883, 0.0921,
         0.1115],
        [0.0991, 0.0914, 0.1056, 0.1105, 0.0950, 0.1086, 0.0979, 0.0883, 0.0921,
         0.1115],
        [0.0991, 0.0914, 0.1056, 0.1105, 0.0950, 0.1086, 0.0979, 0.0883, 0.0921,
         0.1115],
        [0.0991, 0.0914, 0.1056, 0.1105, 0.0950, 0.1086, 0.0979, 0.0883, 0.0921,
         0.1115],
        [0.0991, 0.0914, 0.1056, 0.1105, 0.0950, 0.1086, 0.0979, 0.0883, 0.0921,
         0.1115],
        [0.0991, 0.0914, 0.1056, 0.1105, 0.0950, 0.1086, 0.0979, 0.0883, 0.0921,
         0.1115],
        [0.0991, 0.0914, 0.1056, 0.1105, 0.0950, 0.1086, 0.0979, 0.0883, 0.0921,
         0.1115],
        [0.0991, 0.0914, 0.1056, 0.1105, 0.0950, 0.1086, 0.0979, 0.0883, 0.0921,
         0.1115],
        [0.0991, 0.0914, 0.1056, 0.1105, 0.0950, 0.1086, 0.0979, 0.0883, 0.0921,
         0.1115],
        [0.0991, 0.0914, 0.1056, 0.1105, 0.0950, 0.1086, 0.0979, 0.0883, 0.0921,
         0.1115],
        [0.0991, 0.0914, 0.1056, 0.1105, 0.0950, 0.1086, 0.0979, 0.0883, 0.0921,
         0.1115],
        [0.0991, 0.0914, 0.1056, 0.1105, 0.0950, 0.1086, 0.0979, 0.0883, 0.0921,
         0.1115],
        [0.0991, 0.0914, 0.1056, 0.1105, 0.0950, 0.1086, 0.0979, 0.0883, 0.0921,
         0.1115]], device='cuda:0', grad_fn=<SoftmaxBackward>)
>> best accuracy: 10.433333333333334	best epoch: 0

>> final recovery rate: 20.17222222222222%
>> val epoch: 10
>> current accuracy: 10.5%
outputs: tensor([[0.1005, 0.1200, 0.0961, 0.0895, 0.1111, 0.1008, 0.0935, 0.0847, 0.1106,
         0.0933],
        [0.1005, 0.1200, 0.0961, 0.0895, 0.1111, 0.1008, 0.0935, 0.0847, 0.1106,
         0.0933],
        [0.1005, 0.1200, 0.0961, 0.0895, 0.1111, 0.1008, 0.0935, 0.0847, 0.1106,
         0.0933],
        [0.1005, 0.1200, 0.0961, 0.0895, 0.1111, 0.1008, 0.0935, 0.0847, 0.1106,
         0.0933],
        [0.1005, 0.1200, 0.0961, 0.0895, 0.1111, 0.1008, 0.0935, 0.0847, 0.1106,
         0.0933],
        [0.1005, 0.1200, 0.0961, 0.0895, 0.1111, 0.1008, 0.0935, 0.0847, 0.1106,
         0.0933],
        [0.1005, 0.1200, 0.0961, 0.0895, 0.1111, 0.1008, 0.0935, 0.0847, 0.1106,
         0.0933],
        [0.1005, 0.1200, 0.0961, 0.0895, 0.1111, 0.1008, 0.0935, 0.0847, 0.1106,
         0.0933],
        [0.1005, 0.1200, 0.0961, 0.0895, 0.1111, 0.1008, 0.0935, 0.0847, 0.1106,
         0.0933],
        [0.1005, 0.1200, 0.0961, 0.0895, 0.1111, 0.1008, 0.0935, 0.0847, 0.1106,
         0.0933],
        [0.1005, 0.1200, 0.0961, 0.0895, 0.1111, 0.1008, 0.0935, 0.0847, 0.1106,
         0.0933],
        [0.1005, 0.1200, 0.0961, 0.0895, 0.1111, 0.1008, 0.0935, 0.0847, 0.1106,
         0.0933],
        [0.1005, 0.1200, 0.0961, 0.0895, 0.1111, 0.1008, 0.0935, 0.0847, 0.1106,
         0.0933],
        [0.1005, 0.1200, 0.0961, 0.0895, 0.1111, 0.1008, 0.0935, 0.0847, 0.1106,
         0.0933],
        [0.1005, 0.1200, 0.0961, 0.0895, 0.1111, 0.1008, 0.0935, 0.0847, 0.1106,
         0.0933],
        [0.1005, 0.1200, 0.0961, 0.0895, 0.1111, 0.1008, 0.0935, 0.0847, 0.1106,
         0.0933],
        [0.1005, 0.1200, 0.0961, 0.0895, 0.1111, 0.1008, 0.0935, 0.0847, 0.1106,
         0.0933],
        [0.1005, 0.1200, 0.0961, 0.0895, 0.1111, 0.1008, 0.0935, 0.0847, 0.1106,
         0.0933],
        [0.1005, 0.1200, 0.0961, 0.0895, 0.1111, 0.1008, 0.0935, 0.0847, 0.1106,
         0.0933],
        [0.1005, 0.1200, 0.0961, 0.0895, 0.1111, 0.1008, 0.0935, 0.0847, 0.1106,
         0.0933],
        [0.1005, 0.1200, 0.0961, 0.0895, 0.1111, 0.1008, 0.0935, 0.0847, 0.1106,
         0.0933],
        [0.1005, 0.1200, 0.0961, 0.0895, 0.1111, 0.1008, 0.0935, 0.0847, 0.1106,
         0.0933],
        [0.1005, 0.1200, 0.0961, 0.0895, 0.1111, 0.1008, 0.0935, 0.0847, 0.1106,
         0.0933],
        [0.1005, 0.1200, 0.0961, 0.0895, 0.1111, 0.1008, 0.0935, 0.0847, 0.1106,
         0.0933],
        [0.1005, 0.1200, 0.0961, 0.0895, 0.1111, 0.1008, 0.0935, 0.0847, 0.1106,
         0.0933],
        [0.1005, 0.1200, 0.0961, 0.0895, 0.1111, 0.1008, 0.0935, 0.0847, 0.1106,
         0.0933],
        [0.1005, 0.1200, 0.0961, 0.0895, 0.1111, 0.1008, 0.0935, 0.0847, 0.1106,
         0.0933],
        [0.1005, 0.1200, 0.0961, 0.0895, 0.1111, 0.1008, 0.0935, 0.0847, 0.1106,
         0.0933],
        [0.1005, 0.1200, 0.0961, 0.0895, 0.1111, 0.1008, 0.0935, 0.0847, 0.1106,
         0.0933],
        [0.1005, 0.1200, 0.0961, 0.0895, 0.1111, 0.1008, 0.0935, 0.0847, 0.1106,
         0.0933],
        [0.1005, 0.1200, 0.0961, 0.0895, 0.1111, 0.1008, 0.0935, 0.0847, 0.1106,
         0.0933],
        [0.1005, 0.1200, 0.0961, 0.0895, 0.1111, 0.1008, 0.0935, 0.0847, 0.1106,
         0.0933],
        [0.1005, 0.1200, 0.0961, 0.0895, 0.1111, 0.1008, 0.0935, 0.0847, 0.1106,
         0.0933],
        [0.1005, 0.1200, 0.0961, 0.0895, 0.1111, 0.1008, 0.0935, 0.0847, 0.1106,
         0.0933],
        [0.1005, 0.1200, 0.0961, 0.0895, 0.1111, 0.1008, 0.0935, 0.0847, 0.1106,
         0.0933],
        [0.1005, 0.1200, 0.0961, 0.0895, 0.1111, 0.1008, 0.0935, 0.0847, 0.1106,
         0.0933],
        [0.1005, 0.1200, 0.0961, 0.0895, 0.1111, 0.1008, 0.0935, 0.0847, 0.1106,
         0.0933],
        [0.1005, 0.1200, 0.0961, 0.0895, 0.1111, 0.1008, 0.0935, 0.0847, 0.1106,
         0.0933],
        [0.1005, 0.1200, 0.0961, 0.0895, 0.1111, 0.1008, 0.0935, 0.0847, 0.1106,
         0.0933],
        [0.1005, 0.1200, 0.0961, 0.0895, 0.1111, 0.1008, 0.0935, 0.0847, 0.1106,
         0.0933],
        [0.1005, 0.1200, 0.0961, 0.0895, 0.1111, 0.1008, 0.0935, 0.0847, 0.1106,
         0.0933],
        [0.1005, 0.1200, 0.0961, 0.0895, 0.1111, 0.1008, 0.0935, 0.0847, 0.1106,
         0.0933],
        [0.1005, 0.1200, 0.0961, 0.0895, 0.1111, 0.1008, 0.0935, 0.0847, 0.1106,
         0.0933],
        [0.1005, 0.1200, 0.0961, 0.0895, 0.1111, 0.1008, 0.0935, 0.0847, 0.1106,
         0.0933],
        [0.1005, 0.1200, 0.0961, 0.0895, 0.1111, 0.1008, 0.0935, 0.0847, 0.1106,
         0.0933],
        [0.1005, 0.1200, 0.0961, 0.0895, 0.1111, 0.1008, 0.0935, 0.0847, 0.1106,
         0.0933],
        [0.1005, 0.1200, 0.0961, 0.0895, 0.1111, 0.1008, 0.0935, 0.0847, 0.1106,
         0.0933],
        [0.1005, 0.1200, 0.0961, 0.0895, 0.1111, 0.1008, 0.0935, 0.0847, 0.1106,
         0.0933]], device='cuda:0', grad_fn=<SoftmaxBackward>)
>> best accuracy: 10.5	best epoch: 10

>> final recovery rate: 20.17222222222222%
>> val epoch: 15
>> current accuracy: 9.6%
outputs: tensor([[0.1066, 0.1069, 0.0921, 0.0938, 0.0954, 0.0937, 0.0987, 0.0716, 0.1110,
         0.1304],
        [0.1066, 0.1069, 0.0921, 0.0938, 0.0954, 0.0937, 0.0987, 0.0716, 0.1110,
         0.1304],
        [0.1066, 0.1069, 0.0921, 0.0938, 0.0954, 0.0937, 0.0987, 0.0716, 0.1110,
         0.1304],
        [0.1066, 0.1069, 0.0921, 0.0938, 0.0954, 0.0937, 0.0987, 0.0716, 0.1110,
         0.1304],
        [0.1066, 0.1069, 0.0921, 0.0938, 0.0954, 0.0937, 0.0987, 0.0716, 0.1110,
         0.1304],
        [0.1066, 0.1069, 0.0921, 0.0938, 0.0954, 0.0937, 0.0987, 0.0716, 0.1110,
         0.1304],
        [0.1066, 0.1069, 0.0921, 0.0938, 0.0954, 0.0937, 0.0987, 0.0716, 0.1110,
         0.1304],
        [0.1066, 0.1069, 0.0921, 0.0938, 0.0954, 0.0937, 0.0987, 0.0716, 0.1110,
         0.1304],
        [0.1066, 0.1069, 0.0921, 0.0938, 0.0954, 0.0937, 0.0987, 0.0716, 0.1110,
         0.1304],
        [0.1066, 0.1069, 0.0921, 0.0938, 0.0954, 0.0937, 0.0987, 0.0716, 0.1110,
         0.1304],
        [0.1066, 0.1069, 0.0921, 0.0938, 0.0954, 0.0937, 0.0987, 0.0716, 0.1110,
         0.1304],
        [0.1066, 0.1069, 0.0921, 0.0938, 0.0954, 0.0937, 0.0987, 0.0716, 0.1110,
         0.1304],
        [0.1066, 0.1069, 0.0921, 0.0938, 0.0954, 0.0937, 0.0987, 0.0716, 0.1110,
         0.1304],
        [0.1066, 0.1069, 0.0921, 0.0938, 0.0954, 0.0937, 0.0987, 0.0716, 0.1110,
         0.1304],
        [0.1066, 0.1069, 0.0921, 0.0938, 0.0954, 0.0937, 0.0987, 0.0716, 0.1110,
         0.1304],
        [0.1066, 0.1069, 0.0921, 0.0938, 0.0954, 0.0937, 0.0987, 0.0716, 0.1110,
         0.1304],
        [0.1066, 0.1069, 0.0921, 0.0938, 0.0954, 0.0937, 0.0987, 0.0716, 0.1110,
         0.1304],
        [0.1066, 0.1069, 0.0921, 0.0938, 0.0954, 0.0937, 0.0987, 0.0716, 0.1110,
         0.1304],
        [0.1066, 0.1069, 0.0921, 0.0938, 0.0954, 0.0937, 0.0987, 0.0716, 0.1110,
         0.1304],
        [0.1066, 0.1069, 0.0921, 0.0938, 0.0954, 0.0937, 0.0987, 0.0716, 0.1110,
         0.1304],
        [0.1066, 0.1069, 0.0921, 0.0938, 0.0954, 0.0937, 0.0987, 0.0716, 0.1110,
         0.1304],
        [0.1066, 0.1069, 0.0921, 0.0938, 0.0954, 0.0937, 0.0987, 0.0716, 0.1110,
         0.1304],
        [0.1066, 0.1069, 0.0921, 0.0938, 0.0954, 0.0937, 0.0987, 0.0716, 0.1110,
         0.1304],
        [0.1066, 0.1069, 0.0921, 0.0938, 0.0954, 0.0937, 0.0987, 0.0716, 0.1110,
         0.1304],
        [0.1066, 0.1069, 0.0921, 0.0938, 0.0954, 0.0937, 0.0987, 0.0716, 0.1110,
         0.1304],
        [0.1066, 0.1069, 0.0921, 0.0938, 0.0954, 0.0937, 0.0987, 0.0716, 0.1110,
         0.1304],
        [0.1066, 0.1069, 0.0921, 0.0938, 0.0954, 0.0937, 0.0987, 0.0716, 0.1110,
         0.1304],
        [0.1066, 0.1069, 0.0921, 0.0938, 0.0954, 0.0937, 0.0987, 0.0716, 0.1110,
         0.1304],
        [0.1066, 0.1069, 0.0921, 0.0938, 0.0954, 0.0937, 0.0987, 0.0716, 0.1110,
         0.1304],
        [0.1066, 0.1069, 0.0921, 0.0938, 0.0954, 0.0937, 0.0987, 0.0716, 0.1110,
         0.1304],
        [0.1066, 0.1069, 0.0921, 0.0938, 0.0954, 0.0937, 0.0987, 0.0716, 0.1110,
         0.1304],
        [0.1066, 0.1069, 0.0921, 0.0938, 0.0954, 0.0937, 0.0987, 0.0716, 0.1110,
         0.1304],
        [0.1066, 0.1069, 0.0921, 0.0938, 0.0954, 0.0937, 0.0987, 0.0716, 0.1110,
         0.1304],
        [0.1066, 0.1069, 0.0921, 0.0938, 0.0954, 0.0937, 0.0987, 0.0716, 0.1110,
         0.1304],
        [0.1066, 0.1069, 0.0921, 0.0938, 0.0954, 0.0937, 0.0987, 0.0716, 0.1110,
         0.1304],
        [0.1066, 0.1069, 0.0921, 0.0938, 0.0954, 0.0937, 0.0987, 0.0716, 0.1110,
         0.1304],
        [0.1066, 0.1069, 0.0921, 0.0938, 0.0954, 0.0937, 0.0987, 0.0716, 0.1110,
         0.1304],
        [0.1066, 0.1069, 0.0921, 0.0938, 0.0954, 0.0937, 0.0987, 0.0716, 0.1110,
         0.1304],
        [0.1066, 0.1069, 0.0921, 0.0938, 0.0954, 0.0937, 0.0987, 0.0716, 0.1110,
         0.1304],
        [0.1066, 0.1069, 0.0921, 0.0938, 0.0954, 0.0937, 0.0987, 0.0716, 0.1110,
         0.1304],
        [0.1066, 0.1069, 0.0921, 0.0938, 0.0954, 0.0937, 0.0987, 0.0716, 0.1110,
         0.1304],
        [0.1066, 0.1069, 0.0921, 0.0938, 0.0954, 0.0937, 0.0987, 0.0716, 0.1110,
         0.1304],
        [0.1066, 0.1069, 0.0921, 0.0938, 0.0954, 0.0937, 0.0987, 0.0716, 0.1110,
         0.1304],
        [0.1066, 0.1069, 0.0921, 0.0938, 0.0954, 0.0937, 0.0987, 0.0716, 0.1110,
         0.1304],
        [0.1066, 0.1069, 0.0921, 0.0938, 0.0954, 0.0937, 0.0987, 0.0716, 0.1110,
         0.1304],
        [0.1066, 0.1069, 0.0921, 0.0938, 0.0954, 0.0937, 0.0987, 0.0716, 0.1110,
         0.1304],
        [0.1066, 0.1069, 0.0921, 0.0938, 0.0954, 0.0937, 0.0987, 0.0716, 0.1110,
         0.1304],
        [0.1066, 0.1069, 0.0921, 0.0938, 0.0954, 0.0937, 0.0987, 0.0716, 0.1110,
         0.1304]], device='cuda:0', grad_fn=<SoftmaxBackward>)
>> best accuracy: 10.5	best epoch: 10

>> final recovery rate: 20.174074074074074%
>> val epoch: 20
>> current accuracy: 9.6%
outputs: tensor([[0.0927, 0.1050, 0.0881, 0.0822, 0.1066, 0.1019, 0.0973, 0.0997, 0.1063,
         0.1203],
        [0.0927, 0.1050, 0.0881, 0.0822, 0.1066, 0.1019, 0.0973, 0.0997, 0.1063,
         0.1203],
        [0.0927, 0.1050, 0.0881, 0.0822, 0.1066, 0.1019, 0.0973, 0.0997, 0.1063,
         0.1203],
        [0.0927, 0.1050, 0.0881, 0.0822, 0.1066, 0.1019, 0.0973, 0.0997, 0.1063,
         0.1203],
        [0.0927, 0.1050, 0.0881, 0.0822, 0.1066, 0.1019, 0.0973, 0.0997, 0.1063,
         0.1203],
        [0.0927, 0.1050, 0.0881, 0.0822, 0.1066, 0.1019, 0.0973, 0.0997, 0.1063,
         0.1203],
        [0.0927, 0.1050, 0.0881, 0.0822, 0.1066, 0.1019, 0.0973, 0.0997, 0.1063,
         0.1203],
        [0.0927, 0.1050, 0.0881, 0.0822, 0.1066, 0.1019, 0.0973, 0.0997, 0.1063,
         0.1203],
        [0.0927, 0.1050, 0.0881, 0.0822, 0.1066, 0.1019, 0.0973, 0.0997, 0.1063,
         0.1203],
        [0.0927, 0.1050, 0.0881, 0.0822, 0.1066, 0.1019, 0.0973, 0.0997, 0.1063,
         0.1203],
        [0.0927, 0.1050, 0.0881, 0.0822, 0.1066, 0.1019, 0.0973, 0.0997, 0.1063,
         0.1203],
        [0.0927, 0.1050, 0.0881, 0.0822, 0.1066, 0.1019, 0.0973, 0.0997, 0.1063,
         0.1203],
        [0.0927, 0.1050, 0.0881, 0.0822, 0.1066, 0.1019, 0.0973, 0.0997, 0.1063,
         0.1203],
        [0.0927, 0.1050, 0.0881, 0.0822, 0.1066, 0.1019, 0.0973, 0.0997, 0.1063,
         0.1203],
        [0.0927, 0.1050, 0.0881, 0.0822, 0.1066, 0.1019, 0.0973, 0.0997, 0.1063,
         0.1203],
        [0.0927, 0.1050, 0.0881, 0.0822, 0.1066, 0.1019, 0.0973, 0.0997, 0.1063,
         0.1203],
        [0.0927, 0.1050, 0.0881, 0.0822, 0.1066, 0.1019, 0.0973, 0.0997, 0.1063,
         0.1203],
        [0.0927, 0.1050, 0.0881, 0.0822, 0.1066, 0.1019, 0.0973, 0.0997, 0.1063,
         0.1203],
        [0.0927, 0.1050, 0.0881, 0.0822, 0.1066, 0.1019, 0.0973, 0.0997, 0.1063,
         0.1203],
        [0.0927, 0.1050, 0.0881, 0.0822, 0.1066, 0.1019, 0.0973, 0.0997, 0.1063,
         0.1203],
        [0.0927, 0.1050, 0.0881, 0.0822, 0.1066, 0.1019, 0.0973, 0.0997, 0.1063,
         0.1203],
        [0.0927, 0.1050, 0.0881, 0.0822, 0.1066, 0.1019, 0.0973, 0.0997, 0.1063,
         0.1203],
        [0.0927, 0.1050, 0.0881, 0.0822, 0.1066, 0.1019, 0.0973, 0.0997, 0.1063,
         0.1203],
        [0.0927, 0.1050, 0.0881, 0.0822, 0.1066, 0.1019, 0.0973, 0.0997, 0.1063,
         0.1203],
        [0.0927, 0.1050, 0.0881, 0.0822, 0.1066, 0.1019, 0.0973, 0.0997, 0.1063,
         0.1203],
        [0.0927, 0.1050, 0.0881, 0.0822, 0.1066, 0.1019, 0.0973, 0.0997, 0.1063,
         0.1203],
        [0.0927, 0.1050, 0.0881, 0.0822, 0.1066, 0.1019, 0.0973, 0.0997, 0.1063,
         0.1203],
        [0.0927, 0.1050, 0.0881, 0.0822, 0.1066, 0.1019, 0.0973, 0.0997, 0.1063,
         0.1203],
        [0.0927, 0.1050, 0.0881, 0.0822, 0.1066, 0.1019, 0.0973, 0.0997, 0.1063,
         0.1203],
        [0.0927, 0.1050, 0.0881, 0.0822, 0.1066, 0.1019, 0.0973, 0.0997, 0.1063,
         0.1203],
        [0.0927, 0.1050, 0.0881, 0.0822, 0.1066, 0.1019, 0.0973, 0.0997, 0.1063,
         0.1203],
        [0.0927, 0.1050, 0.0881, 0.0822, 0.1066, 0.1019, 0.0973, 0.0997, 0.1063,
         0.1203],
        [0.0927, 0.1050, 0.0881, 0.0822, 0.1066, 0.1019, 0.0973, 0.0997, 0.1063,
         0.1203],
        [0.0927, 0.1050, 0.0881, 0.0822, 0.1066, 0.1019, 0.0973, 0.0997, 0.1063,
         0.1203],
        [0.0927, 0.1050, 0.0881, 0.0822, 0.1066, 0.1019, 0.0973, 0.0997, 0.1063,
         0.1203],
        [0.0927, 0.1050, 0.0881, 0.0822, 0.1066, 0.1019, 0.0973, 0.0997, 0.1063,
         0.1203],
        [0.0927, 0.1050, 0.0881, 0.0822, 0.1066, 0.1019, 0.0973, 0.0997, 0.1063,
         0.1203],
        [0.0927, 0.1050, 0.0881, 0.0822, 0.1066, 0.1019, 0.0973, 0.0997, 0.1063,
         0.1203],
        [0.0927, 0.1050, 0.0881, 0.0822, 0.1066, 0.1019, 0.0973, 0.0997, 0.1063,
         0.1203],
        [0.0927, 0.1050, 0.0881, 0.0822, 0.1066, 0.1019, 0.0973, 0.0997, 0.1063,
         0.1203],
        [0.0927, 0.1050, 0.0881, 0.0822, 0.1066, 0.1019, 0.0973, 0.0997, 0.1063,
         0.1203],
        [0.0927, 0.1050, 0.0881, 0.0822, 0.1066, 0.1019, 0.0973, 0.0997, 0.1063,
         0.1203],
        [0.0927, 0.1050, 0.0881, 0.0822, 0.1066, 0.1019, 0.0973, 0.0997, 0.1063,
         0.1203],
        [0.0927, 0.1050, 0.0881, 0.0822, 0.1066, 0.1019, 0.0973, 0.0997, 0.1063,
         0.1203],
        [0.0927, 0.1050, 0.0881, 0.0822, 0.1066, 0.1019, 0.0973, 0.0997, 0.1063,
         0.1203],
        [0.0927, 0.1050, 0.0881, 0.0822, 0.1066, 0.1019, 0.0973, 0.0997, 0.1063,
         0.1203],
        [0.0927, 0.1050, 0.0881, 0.0822, 0.1066, 0.1019, 0.0973, 0.0997, 0.1063,
         0.1203],
        [0.0927, 0.1050, 0.0881, 0.0822, 0.1066, 0.1019, 0.0973, 0.0997, 0.1063,
         0.1203]], device='cuda:0', grad_fn=<SoftmaxBackward>)
>> best accuracy: 10.5	best epoch: 10

>> final recovery rate: 20.174074074074074%
