noise type: uniform
noise level: 0
when_to_apply_epoch: 0
total clean data num: 54000
probability transition matrix:
[[1. 0. 0. 0. 0. 0. 0. 0. 0. 0.]
 [0. 1. 0. 0. 0. 0. 0. 0. 0. 0.]
 [0. 0. 1. 0. 0. 0. 0. 0. 0. 0.]
 [0. 0. 0. 1. 0. 0. 0. 0. 0. 0.]
 [0. 0. 0. 0. 1. 0. 0. 0. 0. 0.]
 [0. 0. 0. 0. 0. 1. 0. 0. 0. 0.]
 [0. 0. 0. 0. 0. 0. 1. 0. 0. 0.]
 [0. 0. 0. 0. 0. 0. 0. 1. 0. 0.]
 [0. 0. 0. 0. 0. 0. 0. 0. 1. 0.]
 [0. 0. 0. 0. 0. 0. 0. 0. 0. 1.]]
>> val epoch: 0
>> current accuracy: 98.71666666666667%
outputs: tensor([[1.0743e-05, 3.5890e-06, 7.9807e-06, 8.8944e-06, 6.2506e-06, 3.1682e-05,
         1.4272e-04, 2.3728e-07, 9.9978e-01, 6.3549e-06],
        [3.3972e-04, 1.3991e-02, 3.4205e-04, 1.2267e-03, 6.5214e-04, 9.7016e-01,
         1.0907e-02, 7.6891e-04, 1.2923e-03, 3.1707e-04],
        [1.3290e-05, 1.0499e-04, 6.7842e-04, 9.8931e-01, 1.3077e-05, 8.7758e-03,
         2.3332e-05, 6.8133e-04, 2.7238e-04, 1.2279e-04],
        [1.7600e-06, 3.5841e-05, 1.2717e-04, 9.9873e-01, 1.9738e-06, 9.0597e-04,
         3.5033e-06, 1.1464e-04, 6.2082e-05, 2.0814e-05],
        [8.2175e-06, 1.4490e-06, 1.0560e-05, 1.0842e-05, 2.7574e-06, 9.8940e-05,
         2.2379e-04, 2.0087e-07, 9.9964e-01, 3.3666e-06],
        [4.6590e-06, 1.2237e-06, 9.9996e-01, 9.3667e-06, 2.3578e-06, 3.1920e-07,
         3.0016e-06, 9.7186e-06, 2.7433e-06, 1.5623e-06],
        [4.7089e-05, 2.1705e-05, 4.5201e-05, 2.6812e-05, 6.9801e-06, 1.5533e-05,
         4.2935e-07, 9.9955e-01, 4.3004e-06, 2.7932e-04],
        [9.9999e-01, 3.6268e-08, 3.7960e-07, 2.3375e-07, 1.5978e-08, 1.7250e-06,
         1.8669e-06, 1.3872e-06, 1.4969e-07, 2.1605e-07],
        [4.8257e-05, 1.3585e-06, 3.6558e-06, 2.3350e-07, 9.0891e-06, 6.0704e-05,
         9.9983e-01, 1.0146e-07, 4.5031e-05, 1.4843e-06],
        [1.8474e-02, 2.0264e-05, 5.8227e-04, 1.6542e-04, 2.0607e-03, 5.0462e-04,
         4.7415e-05, 1.2132e-02, 8.5215e-04, 9.6516e-01],
        [2.7131e-06, 2.0705e-05, 1.6764e-04, 9.9801e-01, 1.0687e-06, 1.4976e-03,
         3.8431e-06, 9.2147e-05, 1.8043e-04, 2.1154e-05],
        [1.7737e-05, 9.9988e-01, 1.2568e-05, 3.0785e-06, 1.9156e-05, 1.4191e-06,
         2.9448e-05, 2.1896e-05, 6.8653e-06, 2.8573e-06],
        [3.1288e-04, 8.8059e-06, 5.6391e-05, 1.5607e-04, 2.1085e-03, 3.7886e-04,
         3.0379e-05, 7.1442e-05, 8.0759e-04, 9.9607e-01],
        [8.7764e-07, 1.9489e-05, 8.4461e-05, 9.9965e-01, 7.3309e-07, 1.6375e-04,
         1.7574e-06, 3.7055e-05, 3.2879e-05, 9.6883e-06],
        [1.0234e-05, 2.3187e-05, 1.7677e-05, 3.5770e-06, 9.9872e-01, 3.3085e-06,
         4.0371e-05, 6.5479e-06, 4.7829e-05, 1.1251e-03],
        [1.2869e-05, 3.3886e-06, 1.7424e-05, 6.8518e-06, 3.2637e-06, 3.0720e-06,
         1.1903e-07, 9.9982e-01, 2.2189e-06, 1.2584e-04],
        [5.0465e-06, 7.4675e-05, 2.3060e-04, 9.9785e-01, 3.1912e-06, 1.4745e-03,
         1.1136e-05, 2.2074e-04, 8.5714e-05, 4.0880e-05],
        [1.3352e-06, 7.6112e-06, 1.8411e-05, 1.4316e-06, 9.9969e-01, 2.1188e-06,
         2.1614e-05, 6.0394e-06, 2.6611e-05, 2.2295e-04],
        [2.3073e-05, 1.9437e-06, 9.9733e-06, 4.7430e-05, 9.0163e-04, 1.1346e-04,
         6.7572e-06, 2.2586e-05, 1.8587e-04, 9.9869e-01],
        [6.3049e-05, 7.0776e-07, 3.7559e-06, 1.5589e-07, 3.4180e-06, 1.0895e-04,
         9.9979e-01, 9.3249e-08, 2.8810e-05, 1.7181e-06],
        [6.4129e-06, 1.3182e-05, 4.9639e-06, 2.1450e-06, 4.6493e-06, 2.1990e-06,
         1.0747e-07, 9.9991e-01, 7.0811e-07, 5.1571e-05],
        [1.4189e-05, 7.2726e-07, 4.5392e-06, 1.3101e-07, 1.9759e-06, 2.2509e-05,
         9.9992e-01, 4.1935e-08, 3.4713e-05, 1.0031e-06],
        [2.4191e-05, 2.2861e-07, 2.1028e-05, 1.1504e-05, 1.7089e-04, 1.8396e-04,
         1.7369e-06, 1.4359e-04, 8.8849e-05, 9.9935e-01],
        [2.3557e-04, 7.6903e-06, 1.6899e-05, 1.2830e-06, 2.5799e-06, 6.1556e-04,
         9.9874e-01, 5.4976e-07, 3.7044e-04, 4.6966e-06],
        [1.0316e-04, 1.9912e-05, 9.9956e-01, 7.4569e-05, 2.4924e-06, 1.6146e-06,
         1.0278e-05, 2.0965e-04, 1.4313e-05, 7.4462e-06],
        [2.9881e-05, 8.6137e-05, 3.1363e-05, 2.6195e-05, 3.0854e-05, 1.1096e-05,
         7.3749e-07, 9.9959e-01, 5.0081e-06, 1.8536e-04],
        [3.1950e-05, 6.3961e-05, 5.9480e-05, 3.9086e-06, 9.9561e-01, 5.7683e-06,
         1.2002e-04, 1.4553e-05, 1.2096e-04, 3.9654e-03],
        [1.0352e-04, 1.1338e-05, 5.3513e-05, 7.8284e-05, 3.6836e-05, 6.1461e-04,
         1.3437e-03, 1.7036e-06, 9.9772e-01, 3.6142e-05],
        [4.3007e-06, 4.5136e-05, 1.4030e-04, 9.9899e-01, 1.5861e-06, 5.4015e-04,
         2.6363e-06, 1.6672e-04, 8.9381e-05, 1.5748e-05],
        [1.5372e-04, 1.3424e-05, 4.3190e-05, 2.5192e-05, 6.8114e-05, 9.9032e-05,
         3.7659e-03, 1.1328e-06, 9.9581e-01, 1.5873e-05],
        [4.2383e-05, 9.0175e-06, 2.8842e-05, 1.2942e-05, 1.5870e-05, 1.5891e-05,
         3.2164e-07, 9.9885e-01, 6.2758e-06, 1.0149e-03],
        [1.7375e-04, 6.4842e-04, 5.8317e-05, 6.0529e-05, 7.4886e-05, 4.0420e-05,
         4.9259e-06, 9.9785e-01, 3.4221e-05, 1.0562e-03],
        [8.7758e-07, 1.6275e-05, 1.6108e-05, 9.9979e-01, 2.1988e-07, 1.3213e-04,
         8.2322e-07, 2.1059e-05, 1.9386e-05, 3.2281e-06],
        [2.3453e-06, 2.7954e-07, 1.4280e-06, 2.4588e-06, 3.5161e-06, 2.1121e-05,
         1.1330e-04, 2.7322e-08, 9.9985e-01, 1.3850e-06],
        [1.8085e-05, 2.3400e-05, 1.1746e-04, 8.5901e-05, 4.3949e-05, 2.6728e-05,
         1.1638e-06, 9.9923e-01, 2.1225e-05, 4.3499e-04],
        [3.8903e-06, 4.2522e-05, 1.2245e-05, 3.4734e-06, 9.9872e-01, 2.1081e-06,
         3.5106e-05, 1.0445e-05, 8.0484e-05, 1.0868e-03],
        [9.9999e-01, 5.8213e-08, 1.3337e-07, 1.5957e-07, 8.5494e-08, 9.4782e-08,
         6.1915e-06, 6.8586e-08, 3.0058e-07, 1.5601e-07],
        [1.1797e-04, 2.2372e-06, 5.4048e-05, 5.4969e-05, 4.8104e-04, 2.0796e-01,
         1.1410e-04, 4.5615e-04, 1.2391e-04, 7.9064e-01],
        [1.9738e-05, 8.3819e-05, 2.1671e-05, 1.3128e-05, 3.6603e-05, 4.6871e-06,
         6.1314e-07, 9.9942e-01, 6.3257e-06, 3.8917e-04],
        [7.5142e-06, 7.8287e-05, 4.4985e-04, 9.9481e-01, 5.4003e-06, 1.0266e-03,
         8.6910e-05, 3.1427e-05, 3.4742e-03, 3.0006e-05],
        [1.0237e-04, 1.1177e-05, 9.9963e-01, 6.3192e-05, 3.6541e-06, 1.3763e-06,
         2.9864e-05, 1.2860e-04, 2.0040e-05, 1.1572e-05],
        [2.2740e-05, 5.0018e-04, 1.3265e-04, 2.8013e-05, 9.9541e-01, 1.2347e-05,
         1.0446e-04, 5.3703e-05, 3.2024e-04, 3.4108e-03],
        [1.4888e-03, 5.0830e-05, 1.9642e-04, 4.8742e-04, 1.2652e-04, 1.3034e-03,
         4.9680e-03, 1.0050e-05, 9.9104e-01, 3.2892e-04],
        [6.7160e-06, 1.5232e-05, 3.0565e-05, 9.9902e-01, 3.0017e-07, 7.8472e-04,
         1.2957e-06, 1.0906e-04, 2.3092e-05, 1.0004e-05],
        [4.8583e-05, 3.3446e-08, 2.5910e-07, 1.2857e-08, 1.6190e-07, 1.3509e-05,
         9.9993e-01, 5.2420e-09, 2.8613e-06, 2.0060e-07],
        [5.8442e-05, 9.9987e-01, 9.2453e-06, 1.8850e-06, 4.9574e-06, 1.1252e-06,
         3.1574e-05, 1.6762e-05, 1.7754e-06, 1.0649e-06],
        [9.2753e-04, 9.2510e-01, 6.3052e-02, 7.9903e-04, 3.9367e-03, 1.3223e-04,
         2.5443e-03, 3.0185e-03, 3.4293e-04, 1.4851e-04],
        [2.8882e-05, 1.8349e-06, 2.1383e-05, 5.0282e-07, 1.2286e-04, 3.0352e-05,
         9.9969e-01, 2.2221e-07, 9.8232e-05, 8.2425e-06]],
       device='cuda:0', grad_fn=<SoftmaxBackward>)
>> best accuracy: 98.71666666666667	best epoch: 0

>> final recovery rate: 100.0%
