noise type: uniform
noise level: 0.8
when_to_apply_epoch: 15
total clean data num: 10825
probability transition matrix:
[[0.2        0.08888889 0.08888889 0.08888889 0.08888889 0.08888889
  0.08888889 0.08888889 0.08888889 0.08888889]
 [0.08888889 0.2        0.08888889 0.08888889 0.08888889 0.08888889
  0.08888889 0.08888889 0.08888889 0.08888889]
 [0.08888889 0.08888889 0.2        0.08888889 0.08888889 0.08888889
  0.08888889 0.08888889 0.08888889 0.08888889]
 [0.08888889 0.08888889 0.08888889 0.2        0.08888889 0.08888889
  0.08888889 0.08888889 0.08888889 0.08888889]
 [0.08888889 0.08888889 0.08888889 0.08888889 0.2        0.08888889
  0.08888889 0.08888889 0.08888889 0.08888889]
 [0.08888889 0.08888889 0.08888889 0.08888889 0.08888889 0.2
  0.08888889 0.08888889 0.08888889 0.08888889]
 [0.08888889 0.08888889 0.08888889 0.08888889 0.08888889 0.08888889
  0.2        0.08888889 0.08888889 0.08888889]
 [0.08888889 0.08888889 0.08888889 0.08888889 0.08888889 0.08888889
  0.08888889 0.2        0.08888889 0.08888889]
 [0.08888889 0.08888889 0.08888889 0.08888889 0.08888889 0.08888889
  0.08888889 0.08888889 0.2        0.08888889]
 [0.08888889 0.08888889 0.08888889 0.08888889 0.08888889 0.08888889
  0.08888889 0.08888889 0.08888889 0.2       ]]
