noise type: uniform
noise level: 0.8
when_to_apply_epoch: 20
total clean data num: 10753
probability transition matrix:
[[0.2        0.08888889 0.08888889 0.08888889 0.08888889 0.08888889
  0.08888889 0.08888889 0.08888889 0.08888889]
 [0.08888889 0.2        0.08888889 0.08888889 0.08888889 0.08888889
  0.08888889 0.08888889 0.08888889 0.08888889]
 [0.08888889 0.08888889 0.2        0.08888889 0.08888889 0.08888889
  0.08888889 0.08888889 0.08888889 0.08888889]
 [0.08888889 0.08888889 0.08888889 0.2        0.08888889 0.08888889
  0.08888889 0.08888889 0.08888889 0.08888889]
 [0.08888889 0.08888889 0.08888889 0.08888889 0.2        0.08888889
  0.08888889 0.08888889 0.08888889 0.08888889]
 [0.08888889 0.08888889 0.08888889 0.08888889 0.08888889 0.2
  0.08888889 0.08888889 0.08888889 0.08888889]
 [0.08888889 0.08888889 0.08888889 0.08888889 0.08888889 0.08888889
  0.2        0.08888889 0.08888889 0.08888889]
 [0.08888889 0.08888889 0.08888889 0.08888889 0.08888889 0.08888889
  0.08888889 0.2        0.08888889 0.08888889]
 [0.08888889 0.08888889 0.08888889 0.08888889 0.08888889 0.08888889
  0.08888889 0.08888889 0.2        0.08888889]
 [0.08888889 0.08888889 0.08888889 0.08888889 0.08888889 0.08888889
  0.08888889 0.08888889 0.08888889 0.2       ]]
>> val epoch: 0
>> current accuracy: 9.15%
outputs: tensor([[0.0644, 0.0460, 0.0714, 0.0644, 0.0993, 0.1585, 0.1278, 0.0541, 0.1961,
         0.1180],
        [0.1037, 0.0981, 0.0997, 0.0927, 0.1042, 0.1219, 0.0741, 0.0899, 0.0996,
         0.1160],
        [0.1037, 0.0981, 0.0997, 0.0927, 0.1042, 0.1219, 0.0741, 0.0899, 0.0996,
         0.1160],
        [0.1037, 0.0981, 0.0997, 0.0927, 0.1042, 0.1219, 0.0741, 0.0899, 0.0996,
         0.1160],
        [0.1037, 0.0981, 0.0997, 0.0927, 0.1042, 0.1219, 0.0741, 0.0899, 0.0996,
         0.1160],
        [0.1037, 0.0981, 0.0997, 0.0927, 0.1042, 0.1219, 0.0741, 0.0899, 0.0996,
         0.1160],
        [0.1037, 0.0981, 0.0997, 0.0927, 0.1042, 0.1219, 0.0741, 0.0899, 0.0996,
         0.1160],
        [0.1037, 0.0981, 0.0997, 0.0927, 0.1042, 0.1219, 0.0741, 0.0899, 0.0996,
         0.1160],
        [0.1037, 0.0981, 0.0997, 0.0927, 0.1042, 0.1219, 0.0741, 0.0899, 0.0996,
         0.1160],
        [0.1037, 0.0981, 0.0997, 0.0927, 0.1042, 0.1219, 0.0741, 0.0899, 0.0996,
         0.1160],
        [0.1037, 0.0981, 0.0997, 0.0927, 0.1042, 0.1219, 0.0741, 0.0899, 0.0996,
         0.1160],
        [0.1037, 0.0981, 0.0997, 0.0927, 0.1042, 0.1219, 0.0741, 0.0899, 0.0996,
         0.1160],
        [0.1037, 0.0981, 0.0997, 0.0927, 0.1042, 0.1219, 0.0741, 0.0899, 0.0996,
         0.1160],
        [0.0477, 0.0301, 0.0564, 0.0535, 0.0905, 0.1806, 0.1573, 0.0406, 0.2379,
         0.1054],
        [0.1037, 0.0981, 0.0997, 0.0927, 0.1042, 0.1219, 0.0741, 0.0899, 0.0996,
         0.1160],
        [0.1037, 0.0981, 0.0997, 0.0927, 0.1042, 0.1219, 0.0741, 0.0899, 0.0996,
         0.1160],
        [0.1037, 0.0981, 0.0997, 0.0927, 0.1042, 0.1219, 0.0741, 0.0899, 0.0996,
         0.1160],
        [0.1037, 0.0981, 0.0997, 0.0927, 0.1042, 0.1219, 0.0741, 0.0899, 0.0996,
         0.1160],
        [0.1037, 0.0981, 0.0997, 0.0927, 0.1042, 0.1219, 0.0741, 0.0899, 0.0996,
         0.1160],
        [0.1036, 0.0979, 0.0998, 0.0926, 0.1042, 0.1219, 0.0741, 0.0899, 0.1000,
         0.1161],
        [0.1037, 0.0981, 0.0997, 0.0927, 0.1042, 0.1219, 0.0741, 0.0899, 0.0996,
         0.1160],
        [0.1037, 0.0981, 0.0997, 0.0927, 0.1042, 0.1219, 0.0741, 0.0899, 0.0996,
         0.1160],
        [0.1037, 0.0981, 0.0997, 0.0927, 0.1042, 0.1219, 0.0741, 0.0899, 0.0996,
         0.1160],
        [0.1037, 0.0981, 0.0997, 0.0927, 0.1042, 0.1219, 0.0741, 0.0899, 0.0996,
         0.1160],
        [0.1037, 0.0981, 0.0997, 0.0927, 0.1042, 0.1219, 0.0741, 0.0899, 0.0996,
         0.1160],
        [0.1037, 0.0981, 0.0997, 0.0927, 0.1042, 0.1219, 0.0741, 0.0899, 0.0996,
         0.1160],
        [0.1037, 0.0981, 0.0997, 0.0927, 0.1042, 0.1219, 0.0741, 0.0899, 0.0996,
         0.1160],
        [0.1037, 0.0981, 0.0997, 0.0927, 0.1042, 0.1219, 0.0741, 0.0899, 0.0996,
         0.1160],
        [0.1037, 0.0981, 0.0997, 0.0927, 0.1042, 0.1219, 0.0741, 0.0899, 0.0996,
         0.1160],
        [0.1037, 0.0981, 0.0997, 0.0927, 0.1042, 0.1219, 0.0741, 0.0899, 0.0996,
         0.1160],
        [0.1037, 0.0981, 0.0997, 0.0927, 0.1042, 0.1219, 0.0741, 0.0899, 0.0996,
         0.1160],
        [0.1037, 0.0981, 0.0997, 0.0927, 0.1042, 0.1219, 0.0741, 0.0899, 0.0996,
         0.1160],
        [0.1037, 0.0981, 0.0997, 0.0927, 0.1042, 0.1219, 0.0741, 0.0899, 0.0996,
         0.1160],
        [0.1037, 0.0981, 0.0997, 0.0927, 0.1042, 0.1219, 0.0741, 0.0899, 0.0996,
         0.1160],
        [0.1037, 0.0981, 0.0997, 0.0927, 0.1042, 0.1219, 0.0741, 0.0899, 0.0996,
         0.1160],
        [0.1037, 0.0981, 0.0997, 0.0927, 0.1042, 0.1219, 0.0741, 0.0899, 0.0996,
         0.1160],
        [0.1037, 0.0981, 0.0997, 0.0927, 0.1042, 0.1219, 0.0741, 0.0899, 0.0996,
         0.1160],
        [0.1037, 0.0981, 0.0997, 0.0927, 0.1042, 0.1219, 0.0741, 0.0899, 0.0996,
         0.1160],
        [0.1037, 0.0981, 0.0997, 0.0927, 0.1042, 0.1219, 0.0741, 0.0899, 0.0996,
         0.1160],
        [0.1037, 0.0980, 0.0997, 0.0927, 0.1042, 0.1219, 0.0741, 0.0899, 0.0997,
         0.1160],
        [0.1037, 0.0981, 0.0997, 0.0927, 0.1042, 0.1219, 0.0741, 0.0899, 0.0996,
         0.1160],
        [0.1037, 0.0981, 0.0997, 0.0927, 0.1042, 0.1219, 0.0741, 0.0899, 0.0996,
         0.1160],
        [0.1037, 0.0981, 0.0997, 0.0927, 0.1042, 0.1219, 0.0741, 0.0899, 0.0996,
         0.1160],
        [0.1037, 0.0981, 0.0997, 0.0927, 0.1042, 0.1219, 0.0741, 0.0899, 0.0996,
         0.1160],
        [0.1037, 0.0981, 0.0997, 0.0927, 0.1042, 0.1219, 0.0741, 0.0899, 0.0996,
         0.1160],
        [0.1035, 0.0962, 0.1009, 0.0908, 0.1040, 0.1213, 0.0749, 0.0886, 0.1032,
         0.1166],
        [0.1037, 0.0981, 0.0997, 0.0927, 0.1042, 0.1219, 0.0741, 0.0899, 0.0996,
         0.1160],
        [0.1037, 0.0981, 0.0997, 0.0927, 0.1042, 0.1219, 0.0741, 0.0899, 0.0996,
         0.1160]], device='cuda:0', grad_fn=<SoftmaxBackward>)
>> best accuracy: 9.15	best epoch: 0

>> final recovery rate: 19.91296296296296%
>> val epoch: 5
>> current accuracy: 11.133333333333335%
outputs: tensor([[0.0985, 0.0783, 0.1037, 0.0837, 0.1112, 0.1053, 0.1014, 0.1207, 0.0956,
         0.1015],
        [0.0985, 0.0783, 0.1037, 0.0837, 0.1112, 0.1053, 0.1014, 0.1207, 0.0956,
         0.1015],
        [0.0985, 0.0783, 0.1037, 0.0837, 0.1112, 0.1053, 0.1014, 0.1207, 0.0956,
         0.1015],
        [0.0985, 0.0783, 0.1037, 0.0837, 0.1112, 0.1053, 0.1014, 0.1207, 0.0956,
         0.1015],
        [0.0985, 0.0783, 0.1037, 0.0837, 0.1112, 0.1053, 0.1014, 0.1207, 0.0956,
         0.1015],
        [0.0985, 0.0783, 0.1037, 0.0837, 0.1112, 0.1053, 0.1014, 0.1207, 0.0956,
         0.1015],
        [0.0985, 0.0783, 0.1037, 0.0837, 0.1112, 0.1053, 0.1014, 0.1207, 0.0956,
         0.1015],
        [0.0985, 0.0783, 0.1037, 0.0837, 0.1112, 0.1053, 0.1014, 0.1207, 0.0956,
         0.1015],
        [0.0985, 0.0783, 0.1037, 0.0837, 0.1112, 0.1053, 0.1014, 0.1207, 0.0956,
         0.1015],
        [0.0985, 0.0783, 0.1037, 0.0837, 0.1112, 0.1053, 0.1014, 0.1207, 0.0956,
         0.1015],
        [0.0985, 0.0783, 0.1037, 0.0837, 0.1112, 0.1053, 0.1014, 0.1207, 0.0956,
         0.1015],
        [0.0985, 0.0783, 0.1037, 0.0837, 0.1112, 0.1053, 0.1014, 0.1207, 0.0956,
         0.1015],
        [0.0985, 0.0783, 0.1037, 0.0837, 0.1112, 0.1053, 0.1014, 0.1207, 0.0956,
         0.1015],
        [0.0985, 0.0783, 0.1037, 0.0837, 0.1112, 0.1053, 0.1014, 0.1207, 0.0956,
         0.1015],
        [0.0985, 0.0783, 0.1037, 0.0837, 0.1112, 0.1053, 0.1014, 0.1207, 0.0956,
         0.1015],
        [0.0985, 0.0783, 0.1037, 0.0837, 0.1112, 0.1053, 0.1014, 0.1207, 0.0956,
         0.1015],
        [0.0985, 0.0783, 0.1037, 0.0837, 0.1112, 0.1053, 0.1014, 0.1207, 0.0956,
         0.1015],
        [0.0985, 0.0783, 0.1037, 0.0837, 0.1112, 0.1053, 0.1014, 0.1207, 0.0956,
         0.1015],
        [0.0985, 0.0783, 0.1037, 0.0837, 0.1112, 0.1053, 0.1014, 0.1207, 0.0956,
         0.1015],
        [0.0985, 0.0783, 0.1037, 0.0837, 0.1112, 0.1053, 0.1014, 0.1207, 0.0956,
         0.1015],
        [0.0985, 0.0783, 0.1037, 0.0837, 0.1112, 0.1053, 0.1014, 0.1207, 0.0956,
         0.1015],
        [0.0985, 0.0783, 0.1037, 0.0837, 0.1112, 0.1053, 0.1014, 0.1207, 0.0956,
         0.1015],
        [0.0985, 0.0783, 0.1037, 0.0837, 0.1112, 0.1053, 0.1014, 0.1207, 0.0956,
         0.1015],
        [0.0985, 0.0783, 0.1037, 0.0837, 0.1112, 0.1053, 0.1014, 0.1207, 0.0956,
         0.1015],
        [0.0985, 0.0783, 0.1037, 0.0837, 0.1112, 0.1053, 0.1014, 0.1207, 0.0956,
         0.1015],
        [0.0985, 0.0783, 0.1037, 0.0837, 0.1112, 0.1053, 0.1014, 0.1207, 0.0956,
         0.1015],
        [0.0985, 0.0783, 0.1037, 0.0837, 0.1112, 0.1053, 0.1014, 0.1207, 0.0956,
         0.1015],
        [0.0985, 0.0783, 0.1037, 0.0837, 0.1112, 0.1053, 0.1014, 0.1207, 0.0956,
         0.1015],
        [0.0985, 0.0783, 0.1037, 0.0837, 0.1112, 0.1053, 0.1014, 0.1207, 0.0956,
         0.1015],
        [0.0985, 0.0783, 0.1037, 0.0837, 0.1112, 0.1053, 0.1014, 0.1207, 0.0956,
         0.1015],
        [0.0985, 0.0783, 0.1037, 0.0837, 0.1112, 0.1053, 0.1014, 0.1207, 0.0956,
         0.1015],
        [0.0985, 0.0783, 0.1037, 0.0837, 0.1112, 0.1053, 0.1014, 0.1207, 0.0956,
         0.1015],
        [0.0985, 0.0783, 0.1037, 0.0837, 0.1112, 0.1053, 0.1014, 0.1207, 0.0956,
         0.1015],
        [0.0985, 0.0783, 0.1037, 0.0837, 0.1112, 0.1053, 0.1014, 0.1207, 0.0956,
         0.1015],
        [0.0985, 0.0783, 0.1037, 0.0837, 0.1112, 0.1053, 0.1014, 0.1207, 0.0956,
         0.1015],
        [0.0985, 0.0783, 0.1037, 0.0837, 0.1112, 0.1053, 0.1014, 0.1207, 0.0956,
         0.1015],
        [0.0985, 0.0783, 0.1037, 0.0837, 0.1112, 0.1053, 0.1014, 0.1207, 0.0956,
         0.1015],
        [0.0985, 0.0783, 0.1037, 0.0837, 0.1112, 0.1053, 0.1014, 0.1207, 0.0956,
         0.1015],
        [0.0985, 0.0783, 0.1037, 0.0837, 0.1112, 0.1053, 0.1014, 0.1207, 0.0956,
         0.1015],
        [0.0985, 0.0783, 0.1037, 0.0837, 0.1112, 0.1053, 0.1014, 0.1207, 0.0956,
         0.1015],
        [0.0985, 0.0783, 0.1037, 0.0837, 0.1112, 0.1053, 0.1014, 0.1207, 0.0956,
         0.1015],
        [0.0985, 0.0783, 0.1037, 0.0837, 0.1112, 0.1053, 0.1014, 0.1207, 0.0956,
         0.1015],
        [0.0985, 0.0783, 0.1037, 0.0837, 0.1112, 0.1053, 0.1014, 0.1207, 0.0956,
         0.1015],
        [0.0985, 0.0783, 0.1037, 0.0837, 0.1112, 0.1053, 0.1014, 0.1207, 0.0956,
         0.1015],
        [0.0985, 0.0783, 0.1037, 0.0837, 0.1112, 0.1053, 0.1014, 0.1207, 0.0956,
         0.1015],
        [0.0985, 0.0783, 0.1037, 0.0837, 0.1112, 0.1053, 0.1014, 0.1207, 0.0956,
         0.1015],
        [0.0985, 0.0783, 0.1037, 0.0837, 0.1112, 0.1053, 0.1014, 0.1207, 0.0956,
         0.1015],
        [0.0985, 0.0783, 0.1037, 0.0837, 0.1112, 0.1053, 0.1014, 0.1207, 0.0956,
         0.1015]], device='cuda:0', grad_fn=<SoftmaxBackward>)
>> best accuracy: 11.133333333333335	best epoch: 5

>> final recovery rate: 19.91296296296296%
>> val epoch: 10
>> current accuracy: 9.15%
outputs: tensor([[0.1048, 0.0891, 0.1015, 0.0955, 0.0977, 0.1098, 0.1003, 0.1063, 0.0986,
         0.0965],
        [0.1048, 0.0891, 0.1015, 0.0955, 0.0977, 0.1098, 0.1003, 0.1063, 0.0986,
         0.0965],
        [0.1048, 0.0891, 0.1015, 0.0955, 0.0977, 0.1098, 0.1003, 0.1063, 0.0986,
         0.0965],
        [0.1048, 0.0891, 0.1015, 0.0955, 0.0977, 0.1098, 0.1003, 0.1063, 0.0986,
         0.0965],
        [0.1048, 0.0891, 0.1015, 0.0955, 0.0977, 0.1098, 0.1003, 0.1063, 0.0986,
         0.0965],
        [0.1048, 0.0891, 0.1015, 0.0955, 0.0977, 0.1098, 0.1003, 0.1063, 0.0986,
         0.0965],
        [0.1048, 0.0891, 0.1015, 0.0955, 0.0977, 0.1098, 0.1003, 0.1063, 0.0986,
         0.0965],
        [0.1048, 0.0891, 0.1015, 0.0955, 0.0977, 0.1098, 0.1003, 0.1063, 0.0986,
         0.0965],
        [0.1048, 0.0891, 0.1015, 0.0955, 0.0977, 0.1098, 0.1003, 0.1063, 0.0986,
         0.0965],
        [0.1048, 0.0891, 0.1015, 0.0955, 0.0977, 0.1098, 0.1003, 0.1063, 0.0986,
         0.0965],
        [0.1048, 0.0891, 0.1015, 0.0955, 0.0977, 0.1098, 0.1003, 0.1063, 0.0986,
         0.0965],
        [0.1048, 0.0891, 0.1015, 0.0955, 0.0977, 0.1098, 0.1003, 0.1063, 0.0986,
         0.0965],
        [0.1048, 0.0891, 0.1015, 0.0955, 0.0977, 0.1098, 0.1003, 0.1063, 0.0986,
         0.0965],
        [0.1048, 0.0891, 0.1015, 0.0955, 0.0977, 0.1098, 0.1003, 0.1063, 0.0986,
         0.0965],
        [0.1048, 0.0891, 0.1015, 0.0955, 0.0977, 0.1098, 0.1003, 0.1063, 0.0986,
         0.0965],
        [0.1048, 0.0891, 0.1015, 0.0955, 0.0977, 0.1098, 0.1003, 0.1063, 0.0986,
         0.0965],
        [0.1048, 0.0891, 0.1015, 0.0955, 0.0977, 0.1098, 0.1003, 0.1063, 0.0986,
         0.0965],
        [0.1048, 0.0891, 0.1015, 0.0955, 0.0977, 0.1098, 0.1003, 0.1063, 0.0986,
         0.0965],
        [0.1048, 0.0891, 0.1015, 0.0955, 0.0977, 0.1098, 0.1003, 0.1063, 0.0986,
         0.0965],
        [0.1048, 0.0891, 0.1015, 0.0955, 0.0977, 0.1098, 0.1003, 0.1063, 0.0986,
         0.0965],
        [0.1048, 0.0891, 0.1015, 0.0955, 0.0977, 0.1098, 0.1003, 0.1063, 0.0986,
         0.0965],
        [0.1048, 0.0891, 0.1015, 0.0955, 0.0977, 0.1098, 0.1003, 0.1063, 0.0986,
         0.0965],
        [0.1048, 0.0891, 0.1015, 0.0955, 0.0977, 0.1098, 0.1003, 0.1063, 0.0986,
         0.0965],
        [0.1048, 0.0891, 0.1015, 0.0955, 0.0977, 0.1098, 0.1003, 0.1063, 0.0986,
         0.0965],
        [0.1048, 0.0891, 0.1015, 0.0955, 0.0977, 0.1098, 0.1003, 0.1063, 0.0986,
         0.0965],
        [0.1048, 0.0891, 0.1015, 0.0955, 0.0977, 0.1098, 0.1003, 0.1063, 0.0986,
         0.0965],
        [0.1048, 0.0891, 0.1015, 0.0955, 0.0977, 0.1098, 0.1003, 0.1063, 0.0986,
         0.0965],
        [0.1048, 0.0891, 0.1015, 0.0955, 0.0977, 0.1098, 0.1003, 0.1063, 0.0986,
         0.0965],
        [0.1048, 0.0891, 0.1015, 0.0955, 0.0977, 0.1098, 0.1003, 0.1063, 0.0986,
         0.0965],
        [0.1048, 0.0891, 0.1015, 0.0955, 0.0977, 0.1098, 0.1003, 0.1063, 0.0986,
         0.0965],
        [0.1048, 0.0891, 0.1015, 0.0955, 0.0977, 0.1098, 0.1003, 0.1063, 0.0986,
         0.0965],
        [0.1048, 0.0891, 0.1015, 0.0955, 0.0977, 0.1098, 0.1003, 0.1063, 0.0986,
         0.0965],
        [0.1048, 0.0891, 0.1015, 0.0955, 0.0977, 0.1098, 0.1003, 0.1063, 0.0986,
         0.0965],
        [0.1048, 0.0891, 0.1015, 0.0955, 0.0977, 0.1098, 0.1003, 0.1063, 0.0986,
         0.0965],
        [0.1048, 0.0891, 0.1015, 0.0955, 0.0977, 0.1098, 0.1003, 0.1063, 0.0986,
         0.0965],
        [0.1048, 0.0891, 0.1015, 0.0955, 0.0977, 0.1098, 0.1003, 0.1063, 0.0986,
         0.0965],
        [0.1048, 0.0891, 0.1015, 0.0955, 0.0977, 0.1098, 0.1003, 0.1063, 0.0986,
         0.0965],
        [0.1048, 0.0891, 0.1015, 0.0955, 0.0977, 0.1098, 0.1003, 0.1063, 0.0986,
         0.0965],
        [0.1048, 0.0891, 0.1015, 0.0955, 0.0977, 0.1098, 0.1003, 0.1063, 0.0986,
         0.0965],
        [0.1048, 0.0891, 0.1015, 0.0955, 0.0977, 0.1098, 0.1003, 0.1063, 0.0986,
         0.0965],
        [0.1048, 0.0891, 0.1015, 0.0955, 0.0977, 0.1098, 0.1003, 0.1063, 0.0986,
         0.0965],
        [0.1048, 0.0891, 0.1015, 0.0955, 0.0977, 0.1098, 0.1003, 0.1063, 0.0986,
         0.0965],
        [0.1048, 0.0891, 0.1015, 0.0955, 0.0977, 0.1098, 0.1003, 0.1063, 0.0986,
         0.0965],
        [0.1048, 0.0891, 0.1015, 0.0955, 0.0977, 0.1098, 0.1003, 0.1063, 0.0986,
         0.0965],
        [0.1048, 0.0891, 0.1015, 0.0955, 0.0977, 0.1098, 0.1003, 0.1063, 0.0986,
         0.0965],
        [0.1048, 0.0891, 0.1015, 0.0955, 0.0977, 0.1098, 0.1003, 0.1063, 0.0986,
         0.0965],
        [0.1048, 0.0891, 0.1015, 0.0955, 0.0977, 0.1098, 0.1003, 0.1063, 0.0986,
         0.0965],
        [0.1048, 0.0891, 0.1015, 0.0955, 0.0977, 0.1098, 0.1003, 0.1063, 0.0986,
         0.0965]], device='cuda:0', grad_fn=<SoftmaxBackward>)
>> best accuracy: 11.133333333333335	best epoch: 5

>> final recovery rate: 19.91296296296296%
>> val epoch: 15
>> current accuracy: 10.0%
outputs: tensor([[0.1109, 0.0892, 0.1137, 0.0924, 0.0843, 0.1103, 0.1059, 0.1067, 0.0917,
         0.0950],
        [0.1109, 0.0892, 0.1137, 0.0924, 0.0843, 0.1103, 0.1059, 0.1067, 0.0917,
         0.0950],
        [0.1109, 0.0892, 0.1137, 0.0924, 0.0843, 0.1103, 0.1059, 0.1067, 0.0917,
         0.0950],
        [0.1109, 0.0892, 0.1137, 0.0924, 0.0843, 0.1103, 0.1059, 0.1067, 0.0917,
         0.0950],
        [0.1109, 0.0892, 0.1137, 0.0924, 0.0843, 0.1103, 0.1059, 0.1067, 0.0917,
         0.0950],
        [0.1109, 0.0892, 0.1137, 0.0924, 0.0843, 0.1103, 0.1059, 0.1067, 0.0917,
         0.0950],
        [0.1109, 0.0892, 0.1137, 0.0924, 0.0843, 0.1103, 0.1059, 0.1067, 0.0917,
         0.0950],
        [0.1109, 0.0892, 0.1137, 0.0924, 0.0843, 0.1103, 0.1059, 0.1067, 0.0917,
         0.0950],
        [0.1109, 0.0892, 0.1137, 0.0924, 0.0843, 0.1103, 0.1059, 0.1067, 0.0917,
         0.0950],
        [0.1109, 0.0892, 0.1137, 0.0924, 0.0843, 0.1103, 0.1059, 0.1067, 0.0917,
         0.0950],
        [0.1109, 0.0892, 0.1137, 0.0924, 0.0843, 0.1103, 0.1059, 0.1067, 0.0917,
         0.0950],
        [0.1109, 0.0892, 0.1137, 0.0924, 0.0843, 0.1103, 0.1059, 0.1067, 0.0917,
         0.0950],
        [0.1109, 0.0892, 0.1137, 0.0924, 0.0843, 0.1103, 0.1059, 0.1067, 0.0917,
         0.0950],
        [0.1109, 0.0892, 0.1137, 0.0924, 0.0843, 0.1103, 0.1059, 0.1067, 0.0917,
         0.0950],
        [0.1109, 0.0892, 0.1137, 0.0924, 0.0843, 0.1103, 0.1059, 0.1067, 0.0917,
         0.0950],
        [0.1109, 0.0892, 0.1137, 0.0924, 0.0843, 0.1103, 0.1059, 0.1067, 0.0917,
         0.0950],
        [0.1109, 0.0892, 0.1137, 0.0924, 0.0843, 0.1103, 0.1059, 0.1067, 0.0917,
         0.0950],
        [0.1109, 0.0892, 0.1137, 0.0924, 0.0843, 0.1103, 0.1059, 0.1067, 0.0917,
         0.0950],
        [0.1109, 0.0892, 0.1137, 0.0924, 0.0843, 0.1103, 0.1059, 0.1067, 0.0917,
         0.0950],
        [0.1109, 0.0892, 0.1137, 0.0924, 0.0843, 0.1103, 0.1059, 0.1067, 0.0917,
         0.0950],
        [0.1109, 0.0892, 0.1137, 0.0924, 0.0843, 0.1103, 0.1059, 0.1067, 0.0917,
         0.0950],
        [0.1109, 0.0892, 0.1137, 0.0924, 0.0843, 0.1103, 0.1059, 0.1067, 0.0917,
         0.0950],
        [0.1109, 0.0892, 0.1137, 0.0924, 0.0843, 0.1103, 0.1059, 0.1067, 0.0917,
         0.0950],
        [0.1109, 0.0892, 0.1137, 0.0924, 0.0843, 0.1103, 0.1059, 0.1067, 0.0917,
         0.0950],
        [0.1109, 0.0892, 0.1137, 0.0924, 0.0843, 0.1103, 0.1059, 0.1067, 0.0917,
         0.0950],
        [0.1109, 0.0892, 0.1137, 0.0924, 0.0843, 0.1103, 0.1059, 0.1067, 0.0917,
         0.0950],
        [0.1109, 0.0892, 0.1137, 0.0924, 0.0843, 0.1103, 0.1059, 0.1067, 0.0917,
         0.0950],
        [0.1109, 0.0892, 0.1137, 0.0924, 0.0843, 0.1103, 0.1059, 0.1067, 0.0917,
         0.0950],
        [0.1109, 0.0892, 0.1137, 0.0924, 0.0843, 0.1103, 0.1059, 0.1067, 0.0917,
         0.0950],
        [0.1109, 0.0892, 0.1137, 0.0924, 0.0843, 0.1103, 0.1059, 0.1067, 0.0917,
         0.0950],
        [0.1109, 0.0892, 0.1137, 0.0924, 0.0843, 0.1103, 0.1059, 0.1067, 0.0917,
         0.0950],
        [0.1109, 0.0892, 0.1137, 0.0924, 0.0843, 0.1103, 0.1059, 0.1067, 0.0917,
         0.0950],
        [0.1109, 0.0892, 0.1137, 0.0924, 0.0843, 0.1103, 0.1059, 0.1067, 0.0917,
         0.0950],
        [0.1109, 0.0892, 0.1137, 0.0924, 0.0843, 0.1103, 0.1059, 0.1067, 0.0917,
         0.0950],
        [0.1109, 0.0892, 0.1137, 0.0924, 0.0843, 0.1103, 0.1059, 0.1067, 0.0917,
         0.0950],
        [0.1109, 0.0892, 0.1137, 0.0924, 0.0843, 0.1103, 0.1059, 0.1067, 0.0917,
         0.0950],
        [0.1109, 0.0892, 0.1137, 0.0924, 0.0843, 0.1103, 0.1059, 0.1067, 0.0917,
         0.0950],
        [0.1109, 0.0892, 0.1137, 0.0924, 0.0843, 0.1103, 0.1059, 0.1067, 0.0917,
         0.0950],
        [0.1109, 0.0892, 0.1137, 0.0924, 0.0843, 0.1103, 0.1059, 0.1067, 0.0917,
         0.0950],
        [0.1109, 0.0892, 0.1137, 0.0924, 0.0843, 0.1103, 0.1059, 0.1067, 0.0917,
         0.0950],
        [0.1109, 0.0892, 0.1137, 0.0924, 0.0843, 0.1103, 0.1059, 0.1067, 0.0917,
         0.0950],
        [0.1109, 0.0892, 0.1137, 0.0924, 0.0843, 0.1103, 0.1059, 0.1067, 0.0917,
         0.0950],
        [0.1109, 0.0892, 0.1137, 0.0924, 0.0843, 0.1103, 0.1059, 0.1067, 0.0917,
         0.0950],
        [0.1109, 0.0892, 0.1137, 0.0924, 0.0843, 0.1103, 0.1059, 0.1067, 0.0917,
         0.0950],
        [0.1109, 0.0892, 0.1137, 0.0924, 0.0843, 0.1103, 0.1059, 0.1067, 0.0917,
         0.0950],
        [0.1109, 0.0892, 0.1137, 0.0924, 0.0843, 0.1103, 0.1059, 0.1067, 0.0917,
         0.0950],
        [0.1109, 0.0892, 0.1137, 0.0924, 0.0843, 0.1103, 0.1059, 0.1067, 0.0917,
         0.0950],
        [0.1109, 0.0892, 0.1137, 0.0924, 0.0843, 0.1103, 0.1059, 0.1067, 0.0917,
         0.0950]], device='cuda:0', grad_fn=<SoftmaxBackward>)
>> best accuracy: 11.133333333333335	best epoch: 5

>> final recovery rate: 19.91296296296296%
>> val epoch: 20
>> current accuracy: 9.916666666666666%
outputs: tensor([[0.0988, 0.1133, 0.1081, 0.1036, 0.1224, 0.0881, 0.0843, 0.0970, 0.0993,
         0.0851],
        [0.0988, 0.1133, 0.1081, 0.1036, 0.1224, 0.0881, 0.0843, 0.0970, 0.0993,
         0.0851],
        [0.0988, 0.1133, 0.1081, 0.1036, 0.1224, 0.0881, 0.0843, 0.0970, 0.0993,
         0.0851],
        [0.0988, 0.1133, 0.1081, 0.1036, 0.1224, 0.0881, 0.0843, 0.0970, 0.0993,
         0.0851],
        [0.0988, 0.1133, 0.1081, 0.1036, 0.1224, 0.0881, 0.0843, 0.0970, 0.0993,
         0.0851],
        [0.0988, 0.1133, 0.1081, 0.1036, 0.1224, 0.0881, 0.0843, 0.0970, 0.0993,
         0.0851],
        [0.0988, 0.1133, 0.1081, 0.1036, 0.1224, 0.0881, 0.0843, 0.0970, 0.0993,
         0.0851],
        [0.0988, 0.1133, 0.1081, 0.1036, 0.1224, 0.0881, 0.0843, 0.0970, 0.0993,
         0.0851],
        [0.0988, 0.1133, 0.1081, 0.1036, 0.1224, 0.0881, 0.0843, 0.0970, 0.0993,
         0.0851],
        [0.0988, 0.1133, 0.1081, 0.1036, 0.1224, 0.0881, 0.0843, 0.0970, 0.0993,
         0.0851],
        [0.0988, 0.1133, 0.1081, 0.1036, 0.1224, 0.0881, 0.0843, 0.0970, 0.0993,
         0.0851],
        [0.0988, 0.1133, 0.1081, 0.1036, 0.1224, 0.0881, 0.0843, 0.0970, 0.0993,
         0.0851],
        [0.0988, 0.1133, 0.1081, 0.1036, 0.1224, 0.0881, 0.0843, 0.0970, 0.0993,
         0.0851],
        [0.0988, 0.1133, 0.1081, 0.1036, 0.1224, 0.0881, 0.0843, 0.0970, 0.0993,
         0.0851],
        [0.0988, 0.1133, 0.1081, 0.1036, 0.1224, 0.0881, 0.0843, 0.0970, 0.0993,
         0.0851],
        [0.0988, 0.1133, 0.1081, 0.1036, 0.1224, 0.0881, 0.0843, 0.0970, 0.0993,
         0.0851],
        [0.0988, 0.1133, 0.1081, 0.1036, 0.1224, 0.0881, 0.0843, 0.0970, 0.0993,
         0.0851],
        [0.0988, 0.1133, 0.1081, 0.1036, 0.1224, 0.0881, 0.0843, 0.0970, 0.0993,
         0.0851],
        [0.0988, 0.1133, 0.1081, 0.1036, 0.1224, 0.0881, 0.0843, 0.0970, 0.0993,
         0.0851],
        [0.0988, 0.1133, 0.1081, 0.1036, 0.1224, 0.0881, 0.0843, 0.0970, 0.0993,
         0.0851],
        [0.0988, 0.1133, 0.1081, 0.1036, 0.1224, 0.0881, 0.0843, 0.0970, 0.0993,
         0.0851],
        [0.0988, 0.1133, 0.1081, 0.1036, 0.1224, 0.0881, 0.0843, 0.0970, 0.0993,
         0.0851],
        [0.0988, 0.1133, 0.1081, 0.1036, 0.1224, 0.0881, 0.0843, 0.0970, 0.0993,
         0.0851],
        [0.0988, 0.1133, 0.1081, 0.1036, 0.1224, 0.0881, 0.0843, 0.0970, 0.0993,
         0.0851],
        [0.0988, 0.1133, 0.1081, 0.1036, 0.1224, 0.0881, 0.0843, 0.0970, 0.0993,
         0.0851],
        [0.0988, 0.1133, 0.1081, 0.1036, 0.1224, 0.0881, 0.0843, 0.0970, 0.0993,
         0.0851],
        [0.0988, 0.1133, 0.1081, 0.1036, 0.1224, 0.0881, 0.0843, 0.0970, 0.0993,
         0.0851],
        [0.0988, 0.1133, 0.1081, 0.1036, 0.1224, 0.0881, 0.0843, 0.0970, 0.0993,
         0.0851],
        [0.0988, 0.1133, 0.1081, 0.1036, 0.1224, 0.0881, 0.0843, 0.0970, 0.0993,
         0.0851],
        [0.0988, 0.1133, 0.1081, 0.1036, 0.1224, 0.0881, 0.0843, 0.0970, 0.0993,
         0.0851],
        [0.0988, 0.1133, 0.1081, 0.1036, 0.1224, 0.0881, 0.0843, 0.0970, 0.0993,
         0.0851],
        [0.0988, 0.1133, 0.1081, 0.1036, 0.1224, 0.0881, 0.0843, 0.0970, 0.0993,
         0.0851],
        [0.0988, 0.1133, 0.1081, 0.1036, 0.1224, 0.0881, 0.0843, 0.0970, 0.0993,
         0.0851],
        [0.0988, 0.1133, 0.1081, 0.1036, 0.1224, 0.0881, 0.0843, 0.0970, 0.0993,
         0.0851],
        [0.0988, 0.1133, 0.1081, 0.1036, 0.1224, 0.0881, 0.0843, 0.0970, 0.0993,
         0.0851],
        [0.0988, 0.1133, 0.1081, 0.1036, 0.1224, 0.0881, 0.0843, 0.0970, 0.0993,
         0.0851],
        [0.0988, 0.1133, 0.1081, 0.1036, 0.1224, 0.0881, 0.0843, 0.0970, 0.0993,
         0.0851],
        [0.0988, 0.1133, 0.1081, 0.1036, 0.1224, 0.0881, 0.0843, 0.0970, 0.0993,
         0.0851],
        [0.0988, 0.1133, 0.1081, 0.1036, 0.1224, 0.0881, 0.0843, 0.0970, 0.0993,
         0.0851],
        [0.0988, 0.1133, 0.1081, 0.1036, 0.1224, 0.0881, 0.0843, 0.0970, 0.0993,
         0.0851],
        [0.0988, 0.1133, 0.1081, 0.1036, 0.1224, 0.0881, 0.0843, 0.0970, 0.0993,
         0.0851],
        [0.0988, 0.1133, 0.1081, 0.1036, 0.1224, 0.0881, 0.0843, 0.0970, 0.0993,
         0.0851],
        [0.0988, 0.1133, 0.1081, 0.1036, 0.1224, 0.0881, 0.0843, 0.0970, 0.0993,
         0.0851],
        [0.0988, 0.1133, 0.1081, 0.1036, 0.1224, 0.0881, 0.0843, 0.0970, 0.0993,
         0.0851],
        [0.0988, 0.1133, 0.1081, 0.1036, 0.1224, 0.0881, 0.0843, 0.0970, 0.0993,
         0.0851],
        [0.0988, 0.1133, 0.1081, 0.1036, 0.1224, 0.0881, 0.0843, 0.0970, 0.0993,
         0.0851],
        [0.0988, 0.1133, 0.1081, 0.1036, 0.1224, 0.0881, 0.0843, 0.0970, 0.0993,
         0.0851],
        [0.0988, 0.1133, 0.1081, 0.1036, 0.1224, 0.0881, 0.0843, 0.0970, 0.0993,
         0.0851]], device='cuda:0', grad_fn=<SoftmaxBackward>)
>> best accuracy: 11.133333333333335	best epoch: 5

>> final recovery rate: 19.91296296296296%
