noise type: uniform
noise level: 0.4
when_to_apply_epoch: 25
total clean data num: 27004
probability transition matrix:
[[0.6        0.04444444 0.04444444 0.04444444 0.04444444 0.04444444
  0.04444444 0.04444444 0.04444444 0.04444444]
 [0.04444444 0.6        0.04444444 0.04444444 0.04444444 0.04444444
  0.04444444 0.04444444 0.04444444 0.04444444]
 [0.04444444 0.04444444 0.6        0.04444444 0.04444444 0.04444444
  0.04444444 0.04444444 0.04444444 0.04444444]
 [0.04444444 0.04444444 0.04444444 0.6        0.04444444 0.04444444
  0.04444444 0.04444444 0.04444444 0.04444444]
 [0.04444444 0.04444444 0.04444444 0.04444444 0.6        0.04444444
  0.04444444 0.04444444 0.04444444 0.04444444]
 [0.04444444 0.04444444 0.04444444 0.04444444 0.04444444 0.6
  0.04444444 0.04444444 0.04444444 0.04444444]
 [0.04444444 0.04444444 0.04444444 0.04444444 0.04444444 0.04444444
  0.6        0.04444444 0.04444444 0.04444444]
 [0.04444444 0.04444444 0.04444444 0.04444444 0.04444444 0.04444444
  0.04444444 0.6        0.04444444 0.04444444]
 [0.04444444 0.04444444 0.04444444 0.04444444 0.04444444 0.04444444
  0.04444444 0.04444444 0.6        0.04444444]
 [0.04444444 0.04444444 0.04444444 0.04444444 0.04444444 0.04444444
  0.04444444 0.04444444 0.04444444 0.6       ]]
>> val epoch: 0
>> current accuracy: 43.82%
outputs: tensor([[0.1872, 0.0954, 0.0559, 0.0437, 0.0548, 0.0486, 0.0400, 0.0308, 0.3472,
         0.0964],
        [0.0349, 0.0609, 0.0379, 0.0398, 0.0984, 0.0812, 0.0670, 0.4899, 0.0269,
         0.0632],
        [0.0585, 0.0761, 0.1109, 0.1364, 0.0763, 0.2162, 0.1216, 0.1133, 0.0441,
         0.0467],
        [0.0577, 0.0742, 0.1120, 0.1379, 0.0719, 0.1732, 0.1730, 0.0871, 0.0452,
         0.0680],
        [0.1732, 0.0803, 0.0951, 0.0602, 0.0495, 0.0525, 0.0469, 0.0256, 0.1965,
         0.2201],
        [0.1230, 0.0927, 0.0983, 0.0991, 0.0827, 0.1388, 0.0790, 0.1064, 0.0568,
         0.1232],
        [0.3182, 0.0940, 0.0524, 0.0435, 0.0312, 0.0325, 0.0474, 0.0255, 0.1466,
         0.2088],
        [0.1906, 0.0538, 0.0431, 0.0461, 0.0350, 0.0467, 0.0407, 0.0295, 0.4491,
         0.0655],
        [0.0632, 0.1150, 0.0796, 0.0322, 0.2483, 0.0475, 0.0767, 0.2101, 0.0455,
         0.0820],
        [0.0470, 0.0799, 0.1707, 0.0424, 0.3204, 0.0440, 0.1187, 0.0826, 0.0462,
         0.0482],
        [0.0631, 0.0880, 0.1085, 0.1298, 0.0944, 0.1920, 0.0800, 0.1137, 0.0482,
         0.0823],
        [0.0527, 0.0759, 0.0911, 0.1338, 0.0911, 0.2228, 0.1043, 0.1217, 0.0509,
         0.0556],
        [0.0584, 0.1095, 0.1133, 0.0465, 0.1710, 0.0525, 0.1618, 0.1276, 0.0624,
         0.0969],
        [0.0790, 0.1084, 0.0951, 0.1059, 0.0743, 0.1385, 0.0698, 0.0936, 0.0536,
         0.1818],
        [0.0677, 0.1155, 0.0662, 0.0413, 0.1945, 0.0652, 0.0772, 0.2611, 0.0527,
         0.0587],
        [0.0433, 0.0690, 0.0772, 0.0483, 0.1969, 0.1029, 0.0786, 0.2970, 0.0383,
         0.0486],
        [0.0488, 0.0640, 0.2345, 0.0470, 0.2606, 0.0450, 0.1374, 0.0553, 0.0500,
         0.0573],
        [0.0768, 0.1010, 0.1609, 0.1272, 0.0682, 0.2059, 0.0705, 0.0696, 0.0443,
         0.0756],
        [0.0777, 0.0755, 0.0838, 0.1230, 0.0591, 0.1680, 0.0802, 0.1091, 0.0649,
         0.1587],
        [0.0814, 0.2480, 0.0555, 0.0511, 0.0382, 0.0552, 0.0312, 0.0288, 0.2016,
         0.2088],
        [0.0364, 0.5002, 0.0288, 0.0240, 0.0277, 0.0284, 0.0296, 0.0256, 0.0347,
         0.2645],
        [0.0523, 0.0718, 0.1458, 0.1749, 0.0657, 0.1648, 0.1843, 0.0502, 0.0510,
         0.0393],
        [0.0678, 0.0660, 0.1408, 0.1673, 0.0795, 0.2159, 0.1025, 0.0713, 0.0467,
         0.0422],
        [0.0829, 0.0824, 0.1392, 0.0654, 0.1156, 0.0697, 0.2097, 0.0557, 0.0728,
         0.1066],
        [0.0711, 0.5220, 0.0441, 0.0350, 0.0370, 0.0376, 0.0366, 0.0312, 0.0534,
         0.1321],
        [0.0399, 0.0548, 0.0434, 0.0483, 0.1271, 0.1007, 0.0953, 0.3956, 0.0339,
         0.0610],
        [0.0729, 0.1165, 0.1337, 0.0848, 0.0941, 0.0899, 0.1921, 0.0669, 0.0616,
         0.0875],
        [0.1621, 0.1839, 0.0600, 0.0461, 0.0477, 0.0609, 0.0437, 0.0372, 0.2354,
         0.1230],
        [0.0471, 0.0650, 0.1644, 0.1054, 0.1455, 0.1351, 0.1839, 0.0663, 0.0429,
         0.0445],
        [0.0546, 0.1216, 0.0513, 0.0528, 0.0733, 0.0744, 0.0483, 0.1307, 0.0440,
         0.3491],
        [0.2430, 0.0491, 0.1081, 0.0656, 0.0668, 0.1115, 0.0555, 0.0387, 0.2089,
         0.0528],
        [0.0500, 0.0758, 0.1107, 0.0953, 0.0881, 0.0985, 0.2930, 0.0742, 0.0522,
         0.0622],
        [0.2139, 0.0605, 0.0687, 0.0606, 0.0473, 0.0583, 0.0511, 0.0333, 0.2690,
         0.1372],
        [0.0719, 0.1362, 0.1070, 0.0906, 0.0782, 0.1148, 0.1022, 0.0599, 0.0632,
         0.1761],
        [0.0426, 0.0608, 0.0803, 0.1500, 0.0784, 0.3588, 0.0597, 0.0940, 0.0360,
         0.0392],
        [0.0556, 0.0907, 0.0792, 0.0658, 0.0715, 0.0825, 0.2675, 0.0857, 0.0543,
         0.1473],
        [0.2773, 0.0765, 0.0474, 0.0468, 0.0203, 0.0270, 0.0395, 0.0184, 0.3121,
         0.1346],
        [0.0880, 0.0886, 0.1626, 0.0504, 0.2091, 0.0525, 0.0940, 0.0583, 0.0768,
         0.1196],
        [0.2340, 0.0330, 0.0371, 0.0353, 0.0189, 0.0282, 0.0271, 0.0192, 0.5263,
         0.0410],
        [0.0512, 0.2728, 0.0587, 0.0524, 0.0452, 0.0806, 0.0543, 0.0442, 0.0803,
         0.2603],
        [0.4727, 0.0332, 0.0546, 0.0418, 0.0062, 0.0112, 0.0287, 0.0082, 0.3071,
         0.0363],
        [0.1539, 0.0971, 0.1286, 0.0866, 0.0974, 0.0934, 0.0949, 0.0937, 0.0521,
         0.1022],
        [0.0852, 0.0868, 0.1271, 0.1484, 0.0631, 0.1623, 0.0780, 0.0716, 0.0841,
         0.0934],
        [0.0416, 0.0765, 0.0661, 0.1080, 0.0906, 0.2066, 0.1378, 0.1677, 0.0377,
         0.0674],
        [0.0468, 0.0665, 0.1206, 0.0495, 0.2643, 0.0796, 0.0938, 0.1826, 0.0404,
         0.0559],
        [0.0891, 0.0597, 0.1042, 0.1438, 0.0693, 0.2482, 0.0925, 0.0840, 0.0551,
         0.0541],
        [0.2364, 0.0921, 0.1577, 0.0779, 0.0617, 0.0573, 0.0893, 0.0352, 0.1102,
         0.0822],
        [0.0644, 0.0586, 0.1340, 0.1725, 0.0734, 0.2528, 0.0821, 0.0642, 0.0447,
         0.0532],
        [0.0789, 0.3480, 0.0442, 0.0421, 0.0485, 0.0489, 0.0533, 0.0419, 0.0714,
         0.2230],
        [0.0689, 0.0748, 0.0935, 0.1252, 0.0595, 0.1141, 0.2179, 0.0835, 0.0631,
         0.0996],
        [0.0848, 0.0571, 0.2299, 0.1430, 0.0797, 0.1539, 0.1036, 0.0551, 0.0541,
         0.0389],
        [0.0551, 0.0854, 0.1381, 0.0352, 0.1897, 0.0372, 0.2605, 0.0605, 0.0591,
         0.0792],
        [0.1808, 0.0914, 0.1132, 0.0822, 0.0590, 0.0992, 0.0503, 0.0414, 0.1654,
         0.1171],
        [0.0665, 0.0674, 0.0996, 0.1307, 0.0719, 0.1677, 0.1657, 0.0814, 0.0526,
         0.0965],
        [0.0930, 0.1562, 0.0362, 0.0406, 0.0250, 0.0452, 0.0274, 0.0257, 0.3107,
         0.2399],
        [0.0522, 0.0762, 0.1392, 0.0772, 0.1251, 0.0964, 0.2518, 0.0682, 0.0587,
         0.0550],
        [0.1890, 0.1079, 0.0455, 0.0501, 0.0343, 0.0398, 0.0393, 0.0286, 0.2981,
         0.1674],
        [0.0670, 0.1898, 0.0339, 0.0370, 0.0349, 0.0360, 0.0319, 0.0310, 0.0878,
         0.4507],
        [0.0402, 0.0634, 0.1043, 0.0704, 0.1304, 0.0734, 0.3664, 0.0687, 0.0440,
         0.0388],
        [0.0135, 0.8453, 0.0133, 0.0107, 0.0070, 0.0123, 0.0129, 0.0086, 0.0139,
         0.0624],
        [0.0866, 0.1305, 0.1366, 0.0765, 0.0988, 0.1021, 0.0704, 0.0609, 0.0693,
         0.1682],
        [0.0864, 0.0818, 0.1000, 0.1281, 0.0566, 0.1505, 0.1384, 0.0823, 0.0677,
         0.1082],
        [0.0575, 0.0835, 0.1284, 0.0741, 0.1649, 0.1038, 0.1297, 0.1645, 0.0415,
         0.0519],
        [0.0993, 0.0797, 0.1281, 0.1203, 0.0925, 0.1178, 0.1276, 0.0599, 0.0991,
         0.0756],
        [0.2212, 0.0787, 0.1277, 0.1025, 0.0528, 0.0900, 0.0781, 0.0413, 0.1137,
         0.0939],
        [0.0682, 0.0930, 0.1529, 0.1162, 0.0836, 0.1223, 0.1474, 0.0591, 0.0683,
         0.0891],
        [0.0646, 0.0573, 0.0935, 0.1624, 0.0602, 0.3204, 0.0528, 0.0762, 0.0629,
         0.0498],
        [0.0775, 0.0848, 0.1335, 0.0880, 0.0781, 0.0868, 0.1933, 0.0613, 0.0764,
         0.1202],
        [0.3130, 0.0401, 0.0358, 0.0356, 0.0169, 0.0243, 0.0293, 0.0179, 0.4317,
         0.0553],
        [0.0399, 0.0644, 0.0856, 0.0608, 0.2098, 0.1249, 0.1034, 0.2290, 0.0346,
         0.0476],
        [0.0556, 0.1383, 0.0681, 0.0520, 0.1396, 0.1100, 0.0768, 0.2015, 0.0409,
         0.1172],
        [0.0453, 0.0798, 0.0952, 0.0544, 0.1253, 0.0570, 0.3085, 0.0984, 0.0596,
         0.0765]], device='cuda:0', grad_fn=<SoftmaxBackward>)
>> best accuracy: 43.82	best epoch: 0

>> final recovery rate: 60.00888888888889%
>> val epoch: 5
>> current accuracy: 67.2%
outputs: tensor([[0.0389, 0.0306, 0.0495, 0.0576, 0.0456, 0.0598, 0.6114, 0.0450, 0.0326,
         0.0289],
        [0.0816, 0.0306, 0.0309, 0.0394, 0.0351, 0.0539, 0.0320, 0.0371, 0.0506,
         0.6087],
        [0.0501, 0.0422, 0.3225, 0.0623, 0.0476, 0.0372, 0.2870, 0.0726, 0.0448,
         0.0336],
        [0.0478, 0.0336, 0.3660, 0.0837, 0.0434, 0.0492, 0.1949, 0.1164, 0.0307,
         0.0342],
        [0.1094, 0.0154, 0.0578, 0.0533, 0.0463, 0.0567, 0.0580, 0.0542, 0.5178,
         0.0311],
        [0.0724, 0.4087, 0.0658, 0.0518, 0.0404, 0.0734, 0.0618, 0.0451, 0.0440,
         0.1364],
        [0.0215, 0.0450, 0.0430, 0.0329, 0.6538, 0.0514, 0.0366, 0.0653, 0.0250,
         0.0256],
        [0.0692, 0.5297, 0.0574, 0.0591, 0.0598, 0.0725, 0.0345, 0.0548, 0.0281,
         0.0350],
        [0.0700, 0.0282, 0.0848, 0.1195, 0.0941, 0.0581, 0.3931, 0.0531, 0.0653,
         0.0337],
        [0.4638, 0.0315, 0.1251, 0.0416, 0.0310, 0.0458, 0.0445, 0.1545, 0.0220,
         0.0400],
        [0.0663, 0.0520, 0.0330, 0.0692, 0.0386, 0.1282, 0.0463, 0.0547, 0.0635,
         0.4482],
        [0.0286, 0.0423, 0.0421, 0.0521, 0.6314, 0.0672, 0.0405, 0.0373, 0.0260,
         0.0325],
        [0.0479, 0.0615, 0.0297, 0.0609, 0.0250, 0.6513, 0.0376, 0.0232, 0.0339,
         0.0290],
        [0.1003, 0.4911, 0.0479, 0.0643, 0.0461, 0.0784, 0.0406, 0.0490, 0.0302,
         0.0520],
        [0.0645, 0.0149, 0.0464, 0.0516, 0.0300, 0.0646, 0.0493, 0.0571, 0.5896,
         0.0320],
        [0.1013, 0.0195, 0.0446, 0.1239, 0.0461, 0.1140, 0.0528, 0.0518, 0.3557,
         0.0904],
        [0.0497, 0.0756, 0.1099, 0.0862, 0.1584, 0.0927, 0.1374, 0.0789, 0.0480,
         0.1632],
        [0.1876, 0.0423, 0.0620, 0.1874, 0.0976, 0.1572, 0.0760, 0.0945, 0.0435,
         0.0521],
        [0.0672, 0.0589, 0.2707, 0.0917, 0.0467, 0.0788, 0.2241, 0.0613, 0.0316,
         0.0689],
        [0.0472, 0.0308, 0.5455, 0.1022, 0.0280, 0.0466, 0.0863, 0.0595, 0.0278,
         0.0262],
        [0.0530, 0.0544, 0.0592, 0.1563, 0.1068, 0.0767, 0.2481, 0.0483, 0.0967,
         0.1005],
        [0.0326, 0.0172, 0.0678, 0.0387, 0.0401, 0.0347, 0.6671, 0.0431, 0.0334,
         0.0253],
        [0.6505, 0.0212, 0.0826, 0.0358, 0.0313, 0.0309, 0.0427, 0.0392, 0.0422,
         0.0236],
        [0.0656, 0.0170, 0.0363, 0.0443, 0.0376, 0.0636, 0.0463, 0.0429, 0.5650,
         0.0814],
        [0.0628, 0.0432, 0.1226, 0.0343, 0.1524, 0.0446, 0.0531, 0.4279, 0.0352,
         0.0240],
        [0.0297, 0.0365, 0.1678, 0.0407, 0.5297, 0.0336, 0.0419, 0.0710, 0.0232,
         0.0259],
        [0.0549, 0.0470, 0.0558, 0.3010, 0.0556, 0.3090, 0.0429, 0.0627, 0.0386,
         0.0327],
        [0.1529, 0.0367, 0.0441, 0.0566, 0.0372, 0.0751, 0.0568, 0.0486, 0.4097,
         0.0822],
        [0.0874, 0.0369, 0.3867, 0.0782, 0.1678, 0.0599, 0.0495, 0.0561, 0.0317,
         0.0460],
        [0.0241, 0.0397, 0.0413, 0.0298, 0.1405, 0.0459, 0.0270, 0.5952, 0.0358,
         0.0207],
        [0.3504, 0.0274, 0.1358, 0.0737, 0.0737, 0.0471, 0.0518, 0.0634, 0.1104,
         0.0663],
        [0.0684, 0.0605, 0.0465, 0.1830, 0.0355, 0.2541, 0.0442, 0.1451, 0.0426,
         0.1199],
        [0.0836, 0.5077, 0.0594, 0.0500, 0.0405, 0.0733, 0.0370, 0.0482, 0.0349,
         0.0655],
        [0.0733, 0.5014, 0.0573, 0.0650, 0.0501, 0.0869, 0.0400, 0.0444, 0.0326,
         0.0488],
        [0.0519, 0.0561, 0.4681, 0.0899, 0.0274, 0.0742, 0.0927, 0.0803, 0.0278,
         0.0316],
        [0.0311, 0.0300, 0.0541, 0.0241, 0.0402, 0.0481, 0.0258, 0.7042, 0.0262,
         0.0163],
        [0.0338, 0.0447, 0.0385, 0.0402, 0.5430, 0.0834, 0.0385, 0.1175, 0.0324,
         0.0281],
        [0.7347, 0.0079, 0.0433, 0.0332, 0.0319, 0.0322, 0.0224, 0.0299, 0.0456,
         0.0188],
        [0.0504, 0.0414, 0.4232, 0.1082, 0.0843, 0.0742, 0.0599, 0.0979, 0.0319,
         0.0286],
        [0.0628, 0.0501, 0.0554, 0.2172, 0.1121, 0.3064, 0.0495, 0.0626, 0.0366,
         0.0474],
        [0.0382, 0.0404, 0.0958, 0.0327, 0.0422, 0.0395, 0.5686, 0.0563, 0.0456,
         0.0407],
        [0.1322, 0.0520, 0.1002, 0.0759, 0.0438, 0.1259, 0.0795, 0.2302, 0.0871,
         0.0731],
        [0.1236, 0.0182, 0.0459, 0.0606, 0.0329, 0.0518, 0.0549, 0.0556, 0.5195,
         0.0369],
        [0.0389, 0.0332, 0.1117, 0.0699, 0.0536, 0.0365, 0.5328, 0.0459, 0.0427,
         0.0349],
        [0.0495, 0.0391, 0.3478, 0.1718, 0.0880, 0.0663, 0.1005, 0.0629, 0.0311,
         0.0430],
        [0.3434, 0.0326, 0.0778, 0.0517, 0.0385, 0.0487, 0.0457, 0.0487, 0.0406,
         0.2724],
        [0.1560, 0.0259, 0.1628, 0.1616, 0.0828, 0.1060, 0.1027, 0.0828, 0.0798,
         0.0396],
        [0.2142, 0.0357, 0.0542, 0.0464, 0.0324, 0.0520, 0.0379, 0.0370, 0.1115,
         0.3787],
        [0.0529, 0.0420, 0.0348, 0.4559, 0.0563, 0.1885, 0.0642, 0.0318, 0.0396,
         0.0340],
        [0.0649, 0.0515, 0.0409, 0.0496, 0.0365, 0.0561, 0.0521, 0.0366, 0.0546,
         0.5573],
        [0.3785, 0.0232, 0.3390, 0.0393, 0.0527, 0.0331, 0.0384, 0.0474, 0.0244,
         0.0240],
        [0.0525, 0.0577, 0.1497, 0.0523, 0.0246, 0.0372, 0.4873, 0.0522, 0.0535,
         0.0329],
        [0.1089, 0.0967, 0.0411, 0.1628, 0.0503, 0.0911, 0.0644, 0.0870, 0.0474,
         0.2502],
        [0.0508, 0.0488, 0.0490, 0.0275, 0.0802, 0.0379, 0.0277, 0.6194, 0.0377,
         0.0210],
        [0.0359, 0.0565, 0.1690, 0.1492, 0.2577, 0.1236, 0.0761, 0.0632, 0.0303,
         0.0386],
        [0.0542, 0.0351, 0.1160, 0.2424, 0.1998, 0.1018, 0.1015, 0.0845, 0.0314,
         0.0333],
        [0.0609, 0.0569, 0.0612, 0.1162, 0.0274, 0.4858, 0.0507, 0.0586, 0.0537,
         0.0286],
        [0.0558, 0.0512, 0.0582, 0.0988, 0.0347, 0.4953, 0.0621, 0.0664, 0.0441,
         0.0334],
        [0.0952, 0.0322, 0.0353, 0.0396, 0.0325, 0.0486, 0.0332, 0.0399, 0.0605,
         0.5829],
        [0.2648, 0.0272, 0.4287, 0.0437, 0.0456, 0.0295, 0.0401, 0.0724, 0.0174,
         0.0305],
        [0.0590, 0.4780, 0.0451, 0.0541, 0.0489, 0.0733, 0.0355, 0.0384, 0.0350,
         0.1327],
        [0.0212, 0.0238, 0.0271, 0.0238, 0.7531, 0.0307, 0.0355, 0.0449, 0.0210,
         0.0190],
        [0.0515, 0.0704, 0.0819, 0.0711, 0.0409, 0.4947, 0.0474, 0.0694, 0.0390,
         0.0336],
        [0.1379, 0.0716, 0.0665, 0.1432, 0.1023, 0.0994, 0.0495, 0.1579, 0.0561,
         0.1158],
        [0.0411, 0.0102, 0.0324, 0.0417, 0.0291, 0.0562, 0.0407, 0.0441, 0.6690,
         0.0356],
        [0.0593, 0.0568, 0.0418, 0.1771, 0.0673, 0.3026, 0.0592, 0.1448, 0.0488,
         0.0423],
        [0.0993, 0.0680, 0.0564, 0.0591, 0.0373, 0.0767, 0.0464, 0.0550, 0.4522,
         0.0496],
        [0.0513, 0.0471, 0.0821, 0.1291, 0.0557, 0.2996, 0.0532, 0.2040, 0.0443,
         0.0338],
        [0.1283, 0.0251, 0.2737, 0.0879, 0.2124, 0.0513, 0.0955, 0.0595, 0.0351,
         0.0312],
        [0.0814, 0.0475, 0.1199, 0.1265, 0.0622, 0.0791, 0.0586, 0.2120, 0.0495,
         0.1633],
        [0.0367, 0.0555, 0.2645, 0.1430, 0.1780, 0.1136, 0.0573, 0.0734, 0.0314,
         0.0467],
        [0.0476, 0.0743, 0.0931, 0.0636, 0.0465, 0.2782, 0.2670, 0.0513, 0.0446,
         0.0338]], device='cuda:0', grad_fn=<SoftmaxBackward>)
>> best accuracy: 67.2	best epoch: 5

>> final recovery rate: 60.00888888888889%
>> val epoch: 10
>> current accuracy: 76.18%
outputs: tensor([[0.0483, 0.0663, 0.0559, 0.0657, 0.0575, 0.0537, 0.0402, 0.0876, 0.0414,
         0.4835],
        [0.0447, 0.6508, 0.0558, 0.0542, 0.0291, 0.0497, 0.0246, 0.0407, 0.0236,
         0.0269],
        [0.0636, 0.0265, 0.1210, 0.2580, 0.0355, 0.3197, 0.0328, 0.0664, 0.0284,
         0.0481],
        [0.0965, 0.0582, 0.0952, 0.0600, 0.0611, 0.0522, 0.0318, 0.1450, 0.1553,
         0.2447],
        [0.0637, 0.0316, 0.6416, 0.0330, 0.0253, 0.0358, 0.0439, 0.0562, 0.0412,
         0.0277],
        [0.0439, 0.0484, 0.0765, 0.1830, 0.2497, 0.1333, 0.0460, 0.1544, 0.0250,
         0.0397],
        [0.0452, 0.0450, 0.0436, 0.0439, 0.0398, 0.0525, 0.0465, 0.6047, 0.0394,
         0.0393],
        [0.0556, 0.0468, 0.0512, 0.0983, 0.2788, 0.0585, 0.2750, 0.0644, 0.0316,
         0.0398],
        [0.0349, 0.0450, 0.0543, 0.0606, 0.5547, 0.0503, 0.0918, 0.0441, 0.0296,
         0.0346],
        [0.3085, 0.0366, 0.2158, 0.0843, 0.0900, 0.0703, 0.0421, 0.0489, 0.0443,
         0.0592],
        [0.0805, 0.0390, 0.1343, 0.1197, 0.0838, 0.0598, 0.0412, 0.2236, 0.1590,
         0.0591],
        [0.0462, 0.0397, 0.0528, 0.0562, 0.0518, 0.0433, 0.0438, 0.0606, 0.5698,
         0.0358],
        [0.0481, 0.1168, 0.0701, 0.0496, 0.0544, 0.0596, 0.0472, 0.0856, 0.0260,
         0.4426],
        [0.0536, 0.0343, 0.0365, 0.0474, 0.0474, 0.0489, 0.6078, 0.0641, 0.0312,
         0.0290],
        [0.0845, 0.0265, 0.0957, 0.0644, 0.0618, 0.0527, 0.0386, 0.0807, 0.4160,
         0.0790],
        [0.1983, 0.2476, 0.0816, 0.0770, 0.0499, 0.0546, 0.0381, 0.0839, 0.0249,
         0.1440],
        [0.1271, 0.0300, 0.2514, 0.0475, 0.3172, 0.0417, 0.0539, 0.0576, 0.0384,
         0.0350],
        [0.0590, 0.5744, 0.0601, 0.0720, 0.0423, 0.0491, 0.0270, 0.0513, 0.0269,
         0.0379],
        [0.0293, 0.0275, 0.0590, 0.6079, 0.0887, 0.0721, 0.0230, 0.0414, 0.0189,
         0.0321],
        [0.0510, 0.0291, 0.6611, 0.0366, 0.0286, 0.0427, 0.0418, 0.0522, 0.0305,
         0.0264],
        [0.0565, 0.0255, 0.0423, 0.1289, 0.0263, 0.5415, 0.0397, 0.0805, 0.0221,
         0.0367],
        [0.0527, 0.2654, 0.0673, 0.0654, 0.0634, 0.0592, 0.0442, 0.0934, 0.0380,
         0.2509],
        [0.0573, 0.0516, 0.1433, 0.2102, 0.0381, 0.2861, 0.0509, 0.0833, 0.0322,
         0.0469],
        [0.0351, 0.0386, 0.6235, 0.0443, 0.0545, 0.0298, 0.0524, 0.0567, 0.0364,
         0.0287],
        [0.0916, 0.0311, 0.1397, 0.4040, 0.0433, 0.1026, 0.0483, 0.0560, 0.0213,
         0.0620],
        [0.0278, 0.0413, 0.0389, 0.0424, 0.6204, 0.0443, 0.0257, 0.1010, 0.0251,
         0.0331],
        [0.0506, 0.0468, 0.0545, 0.1077, 0.0605, 0.3343, 0.0619, 0.2153, 0.0296,
         0.0386],
        [0.0484, 0.0348, 0.1065, 0.1363, 0.1538, 0.0724, 0.0591, 0.3317, 0.0223,
         0.0349],
        [0.0766, 0.0334, 0.0711, 0.0544, 0.0474, 0.0446, 0.0408, 0.0687, 0.5098,
         0.0531],
        [0.0536, 0.0586, 0.0576, 0.0488, 0.0357, 0.0581, 0.0447, 0.5673, 0.0323,
         0.0432],
        [0.0374, 0.6384, 0.0559, 0.0533, 0.0365, 0.0414, 0.0288, 0.0435, 0.0330,
         0.0319],
        [0.0304, 0.0454, 0.0407, 0.0740, 0.5830, 0.0915, 0.0291, 0.0421, 0.0232,
         0.0407],
        [0.0523, 0.0307, 0.0281, 0.0465, 0.0389, 0.0338, 0.6426, 0.0730, 0.0277,
         0.0265],
        [0.0852, 0.0638, 0.0828, 0.0591, 0.0455, 0.0442, 0.0429, 0.0756, 0.0630,
         0.4378],
        [0.0786, 0.0320, 0.0637, 0.0448, 0.0455, 0.0432, 0.0394, 0.0712, 0.0454,
         0.5362],
        [0.0459, 0.0376, 0.0302, 0.0585, 0.0256, 0.6203, 0.0508, 0.0572, 0.0350,
         0.0389],
        [0.0461, 0.0251, 0.0753, 0.5835, 0.0338, 0.0753, 0.0576, 0.0477, 0.0250,
         0.0305],
        [0.0475, 0.0477, 0.0499, 0.1783, 0.0446, 0.2929, 0.1626, 0.0979, 0.0377,
         0.0410],
        [0.0430, 0.6156, 0.0528, 0.0548, 0.0369, 0.0497, 0.0355, 0.0433, 0.0271,
         0.0413],
        [0.0331, 0.0405, 0.0599, 0.5393, 0.0434, 0.0548, 0.1157, 0.0543, 0.0333,
         0.0258],
        [0.0698, 0.0356, 0.0927, 0.0692, 0.0502, 0.0428, 0.0492, 0.0752, 0.0482,
         0.4671],
        [0.0214, 0.0229, 0.0226, 0.0370, 0.7678, 0.0282, 0.0221, 0.0316, 0.0196,
         0.0269],
        [0.0565, 0.0407, 0.0932, 0.1485, 0.0465, 0.4214, 0.0331, 0.0794, 0.0405,
         0.0402],
        [0.6630, 0.0292, 0.0559, 0.0431, 0.0577, 0.0320, 0.0201, 0.0442, 0.0176,
         0.0372],
        [0.0587, 0.0894, 0.0791, 0.0703, 0.0575, 0.0636, 0.0507, 0.2051, 0.0428,
         0.2828],
        [0.0323, 0.0399, 0.0691, 0.0821, 0.5698, 0.0496, 0.0555, 0.0416, 0.0228,
         0.0374],
        [0.1629, 0.0338, 0.2494, 0.0639, 0.2608, 0.0516, 0.0291, 0.0628, 0.0387,
         0.0471],
        [0.0680, 0.0811, 0.1119, 0.1081, 0.0418, 0.0405, 0.4168, 0.0631, 0.0305,
         0.0381],
        [0.5984, 0.0360, 0.0808, 0.0454, 0.0398, 0.0348, 0.0366, 0.0376, 0.0399,
         0.0507],
        [0.0819, 0.0356, 0.1153, 0.1198, 0.0446, 0.0509, 0.3846, 0.1024, 0.0237,
         0.0412],
        [0.0526, 0.0455, 0.1028, 0.3061, 0.0504, 0.1205, 0.0497, 0.2048, 0.0238,
         0.0437],
        [0.0444, 0.0287, 0.0659, 0.0605, 0.0657, 0.0594, 0.0367, 0.0802, 0.4324,
         0.1261],
        [0.0549, 0.0343, 0.0654, 0.0496, 0.0493, 0.0517, 0.0382, 0.0706, 0.5353,
         0.0507],
        [0.1377, 0.0283, 0.1695, 0.0911, 0.0538, 0.0713, 0.0420, 0.0871, 0.1756,
         0.1437],
        [0.1210, 0.0357, 0.2984, 0.0742, 0.0572, 0.0364, 0.0364, 0.0631, 0.2391,
         0.0385],
        [0.0340, 0.0313, 0.6954, 0.0385, 0.0349, 0.0243, 0.0554, 0.0351, 0.0237,
         0.0272],
        [0.1439, 0.0337, 0.1281, 0.0712, 0.0908, 0.0540, 0.0367, 0.0863, 0.2582,
         0.0971],
        [0.0436, 0.0483, 0.1605, 0.0894, 0.1610, 0.0999, 0.0356, 0.3015, 0.0250,
         0.0351],
        [0.0614, 0.0412, 0.0599, 0.0562, 0.0461, 0.0649, 0.0610, 0.1195, 0.0363,
         0.4537],
        [0.0733, 0.0322, 0.0994, 0.0729, 0.0582, 0.0509, 0.0354, 0.0695, 0.4336,
         0.0747],
        [0.0806, 0.0435, 0.1391, 0.0830, 0.0529, 0.0606, 0.0396, 0.0671, 0.2005,
         0.2332],
        [0.0310, 0.0452, 0.0336, 0.0571, 0.6152, 0.0548, 0.0533, 0.0454, 0.0266,
         0.0378],
        [0.0820, 0.0390, 0.0553, 0.0645, 0.0612, 0.1451, 0.0460, 0.4441, 0.0253,
         0.0375],
        [0.0304, 0.0386, 0.0460, 0.0959, 0.5758, 0.0606, 0.0475, 0.0464, 0.0248,
         0.0340],
        [0.1051, 0.0408, 0.0807, 0.0607, 0.0354, 0.0326, 0.0322, 0.0623, 0.5135,
         0.0367],
        [0.5888, 0.0388, 0.0896, 0.0464, 0.0396, 0.0421, 0.0283, 0.0576, 0.0230,
         0.0458],
        [0.0393, 0.4620, 0.0712, 0.0588, 0.0425, 0.0757, 0.0494, 0.0635, 0.0276,
         0.1101],
        [0.0445, 0.0378, 0.0391, 0.0431, 0.0264, 0.6458, 0.0487, 0.0535, 0.0275,
         0.0335],
        [0.0604, 0.0451, 0.0769, 0.0557, 0.0577, 0.0653, 0.0500, 0.0884, 0.0588,
         0.4418],
        [0.0548, 0.0406, 0.4930, 0.0936, 0.0369, 0.0449, 0.0567, 0.1037, 0.0408,
         0.0349],
        [0.0543, 0.0545, 0.0646, 0.2700, 0.0376, 0.0436, 0.3550, 0.0640, 0.0233,
         0.0331],
        [0.0569, 0.0406, 0.0328, 0.1351, 0.0541, 0.0517, 0.5204, 0.0547, 0.0218,
         0.0320]], device='cuda:0', grad_fn=<SoftmaxBackward>)
>> best accuracy: 76.18	best epoch: 10

>> final recovery rate: 60.00888888888889%
>> val epoch: 15
>> current accuracy: 79.3%
outputs: tensor([[0.0320, 0.6701, 0.0367, 0.0436, 0.0309, 0.0354, 0.0286, 0.0431, 0.0294,
         0.0503],
        [0.0501, 0.0791, 0.3846, 0.0565, 0.1749, 0.0521, 0.0529, 0.0397, 0.0408,
         0.0692],
        [0.0415, 0.1537, 0.0907, 0.1814, 0.0394, 0.0482, 0.0426, 0.0516, 0.2777,
         0.0730],
        [0.0545, 0.0491, 0.0383, 0.3810, 0.0563, 0.0882, 0.1523, 0.0505, 0.0559,
         0.0738],
        [0.2801, 0.0351, 0.1016, 0.0661, 0.0479, 0.0363, 0.2703, 0.0407, 0.0266,
         0.0953],
        [0.0636, 0.0693, 0.1096, 0.2282, 0.0383, 0.1168, 0.2381, 0.0386, 0.0500,
         0.0475],
        [0.0397, 0.0347, 0.0354, 0.0379, 0.0370, 0.0577, 0.0583, 0.6234, 0.0404,
         0.0354],
        [0.0259, 0.0365, 0.0281, 0.0336, 0.0295, 0.0615, 0.0562, 0.6746, 0.0246,
         0.0294],
        [0.0390, 0.0529, 0.0398, 0.5709, 0.0486, 0.0910, 0.0332, 0.0321, 0.0496,
         0.0430],
        [0.5982, 0.0571, 0.0361, 0.0567, 0.0358, 0.0477, 0.0401, 0.0380, 0.0240,
         0.0663],
        [0.0465, 0.6579, 0.0317, 0.0452, 0.0258, 0.0362, 0.0442, 0.0362, 0.0277,
         0.0486],
        [0.0910, 0.0633, 0.1011, 0.0707, 0.1041, 0.1653, 0.0723, 0.2569, 0.0310,
         0.0445],
        [0.0451, 0.0544, 0.0523, 0.0580, 0.5501, 0.0427, 0.0516, 0.0231, 0.0618,
         0.0609],
        [0.0325, 0.0322, 0.0192, 0.0359, 0.7118, 0.0246, 0.0280, 0.0383, 0.0320,
         0.0454],
        [0.0533, 0.0540, 0.0375, 0.0533, 0.0416, 0.0545, 0.0343, 0.0346, 0.5893,
         0.0476],
        [0.0255, 0.0408, 0.0271, 0.0241, 0.0369, 0.7129, 0.0342, 0.0311, 0.0288,
         0.0386],
        [0.1040, 0.0792, 0.0632, 0.0531, 0.0455, 0.0549, 0.0668, 0.0357, 0.4478,
         0.0498],
        [0.4287, 0.0575, 0.0465, 0.0714, 0.0457, 0.0513, 0.0715, 0.0390, 0.1442,
         0.0443],
        [0.0917, 0.0587, 0.0298, 0.4470, 0.0453, 0.0919, 0.0329, 0.0511, 0.0469,
         0.1047],
        [0.0693, 0.0392, 0.0284, 0.0409, 0.0276, 0.0245, 0.0306, 0.0192, 0.0224,
         0.6978],
        [0.0408, 0.6779, 0.0312, 0.0507, 0.0307, 0.0317, 0.0232, 0.0414, 0.0316,
         0.0409],
        [0.1995, 0.0533, 0.0338, 0.0767, 0.0485, 0.0465, 0.0548, 0.0385, 0.3601,
         0.0882],
        [0.0423, 0.0404, 0.0241, 0.0512, 0.0871, 0.0460, 0.0393, 0.5594, 0.0329,
         0.0774],
        [0.0632, 0.0440, 0.0448, 0.4434, 0.1301, 0.1058, 0.0533, 0.0296, 0.0438,
         0.0419],
        [0.0439, 0.0316, 0.0201, 0.6264, 0.0310, 0.1123, 0.0459, 0.0254, 0.0293,
         0.0340],
        [0.2640, 0.2777, 0.0445, 0.0546, 0.0413, 0.0550, 0.0535, 0.0371, 0.1165,
         0.0557],
        [0.0396, 0.0519, 0.0291, 0.0521, 0.0486, 0.0655, 0.0298, 0.0388, 0.5889,
         0.0557],
        [0.0577, 0.0656, 0.4525, 0.0502, 0.0997, 0.0811, 0.0574, 0.0410, 0.0384,
         0.0563],
        [0.0495, 0.0710, 0.0318, 0.0612, 0.0395, 0.0511, 0.0376, 0.0440, 0.5688,
         0.0454],
        [0.0244, 0.0283, 0.0235, 0.0333, 0.0228, 0.0592, 0.0594, 0.6897, 0.0338,
         0.0256],
        [0.0477, 0.0474, 0.0808, 0.2378, 0.1461, 0.2594, 0.0520, 0.0459, 0.0311,
         0.0517],
        [0.5358, 0.0495, 0.0800, 0.0540, 0.0470, 0.0497, 0.0479, 0.0409, 0.0332,
         0.0619],
        [0.0485, 0.0393, 0.2102, 0.1193, 0.0909, 0.3012, 0.0676, 0.0513, 0.0264,
         0.0453],
        [0.0318, 0.6656, 0.0268, 0.0388, 0.0364, 0.0281, 0.0251, 0.0438, 0.0328,
         0.0707],
        [0.0336, 0.0301, 0.0235, 0.0308, 0.0342, 0.0417, 0.0396, 0.7161, 0.0233,
         0.0269],
        [0.0552, 0.0473, 0.0344, 0.0538, 0.4382, 0.0396, 0.0407, 0.1805, 0.0377,
         0.0725],
        [0.0692, 0.0447, 0.0859, 0.2061, 0.1048, 0.2255, 0.0590, 0.0663, 0.0273,
         0.1111],
        [0.0380, 0.0500, 0.0326, 0.1180, 0.5376, 0.0576, 0.0361, 0.0298, 0.0432,
         0.0572],
        [0.0419, 0.0243, 0.0392, 0.0555, 0.0315, 0.0359, 0.6749, 0.0302, 0.0361,
         0.0304],
        [0.0965, 0.0589, 0.2413, 0.1334, 0.0804, 0.1717, 0.0409, 0.0609, 0.0484,
         0.0676],
        [0.1883, 0.0433, 0.0832, 0.0964, 0.3137, 0.0458, 0.0761, 0.0277, 0.0456,
         0.0799],
        [0.0400, 0.0341, 0.0360, 0.4353, 0.0883, 0.1217, 0.0518, 0.0908, 0.0448,
         0.0572],
        [0.0595, 0.0548, 0.0371, 0.0810, 0.0695, 0.0566, 0.0423, 0.0416, 0.0883,
         0.4693],
        [0.0846, 0.0519, 0.0288, 0.0691, 0.0363, 0.0459, 0.0381, 0.0477, 0.5493,
         0.0483],
        [0.0539, 0.0525, 0.1967, 0.3043, 0.0428, 0.1402, 0.0899, 0.0331, 0.0425,
         0.0441],
        [0.0475, 0.5167, 0.0344, 0.0577, 0.0361, 0.0404, 0.0360, 0.0593, 0.0422,
         0.1298],
        [0.0304, 0.0480, 0.0240, 0.0594, 0.0540, 0.5798, 0.0431, 0.0987, 0.0293,
         0.0333],
        [0.0553, 0.0514, 0.0249, 0.5299, 0.0419, 0.1193, 0.0570, 0.0254, 0.0410,
         0.0540],
        [0.1269, 0.0613, 0.0628, 0.2119, 0.0471, 0.2303, 0.1171, 0.0419, 0.0468,
         0.0540],
        [0.0271, 0.0495, 0.0344, 0.0216, 0.0447, 0.6810, 0.0443, 0.0333, 0.0277,
         0.0363],
        [0.0495, 0.0370, 0.0251, 0.0425, 0.0725, 0.0506, 0.0384, 0.0327, 0.6078,
         0.0440],
        [0.0435, 0.0533, 0.0316, 0.0586, 0.0405, 0.0498, 0.0415, 0.0381, 0.5988,
         0.0443],
        [0.3384, 0.0656, 0.0430, 0.0641, 0.0461, 0.0590, 0.0508, 0.0435, 0.2339,
         0.0557],
        [0.0724, 0.0505, 0.2133, 0.0878, 0.0396, 0.0387, 0.3473, 0.0413, 0.0566,
         0.0525],
        [0.5943, 0.0362, 0.0718, 0.0406, 0.0381, 0.0495, 0.0530, 0.0368, 0.0412,
         0.0385],
        [0.0705, 0.0268, 0.0505, 0.0568, 0.0386, 0.0356, 0.5478, 0.0568, 0.0667,
         0.0499],
        [0.0275, 0.0269, 0.0209, 0.0314, 0.0297, 0.0404, 0.0455, 0.7183, 0.0312,
         0.0283],
        [0.0563, 0.0436, 0.0648, 0.2862, 0.0488, 0.1374, 0.0524, 0.1392, 0.0414,
         0.1301],
        [0.0569, 0.0901, 0.3345, 0.0708, 0.0437, 0.1285, 0.1251, 0.0333, 0.0441,
         0.0731],
        [0.0512, 0.0422, 0.0472, 0.0637, 0.0495, 0.0641, 0.0454, 0.0477, 0.2629,
         0.3260],
        [0.0565, 0.0952, 0.0388, 0.0446, 0.0396, 0.0411, 0.0418, 0.0439, 0.0304,
         0.5682],
        [0.0598, 0.0516, 0.0515, 0.3053, 0.0349, 0.1540, 0.1218, 0.0384, 0.0406,
         0.1422],
        [0.0521, 0.0421, 0.0283, 0.0578, 0.0432, 0.0563, 0.0379, 0.0435, 0.5945,
         0.0443],
        [0.0823, 0.0723, 0.2353, 0.2622, 0.0419, 0.1088, 0.0633, 0.0318, 0.0430,
         0.0591],
        [0.0478, 0.0225, 0.0345, 0.5617, 0.0251, 0.1189, 0.0752, 0.0330, 0.0298,
         0.0516],
        [0.0373, 0.0711, 0.5728, 0.0418, 0.0295, 0.0458, 0.0864, 0.0241, 0.0472,
         0.0439],
        [0.0877, 0.0439, 0.0215, 0.5858, 0.0350, 0.0722, 0.0496, 0.0298, 0.0376,
         0.0369],
        [0.0376, 0.0573, 0.0305, 0.0673, 0.4367, 0.1578, 0.0472, 0.0907, 0.0318,
         0.0432],
        [0.0336, 0.6770, 0.0295, 0.0360, 0.0345, 0.0313, 0.0334, 0.0351, 0.0319,
         0.0577],
        [0.0766, 0.0349, 0.0332, 0.0515, 0.0423, 0.0338, 0.0389, 0.0395, 0.0332,
         0.6160],
        [0.0640, 0.0536, 0.0377, 0.0790, 0.5093, 0.0375, 0.0643, 0.0310, 0.0430,
         0.0806],
        [0.4580, 0.0407, 0.1751, 0.0464, 0.0465, 0.0565, 0.0590, 0.0394, 0.0216,
         0.0568]], device='cuda:0', grad_fn=<SoftmaxBackward>)
>> best accuracy: 79.3	best epoch: 15

>> final recovery rate: 60.00888888888889%
>> val epoch: 20
>> current accuracy: 81.54%
outputs: tensor([[0.0306, 0.6467, 0.0342, 0.0370, 0.0275, 0.0342, 0.0301, 0.0419, 0.0401,
         0.0775],
        [0.4939, 0.0502, 0.0630, 0.0501, 0.0619, 0.0625, 0.0447, 0.0721, 0.0452,
         0.0565],
        [0.0370, 0.0662, 0.0469, 0.0421, 0.1285, 0.0674, 0.0553, 0.4497, 0.0534,
         0.0534],
        [0.0511, 0.0536, 0.0478, 0.0656, 0.0554, 0.0582, 0.0555, 0.0523, 0.5015,
         0.0589],
        [0.0628, 0.0419, 0.3436, 0.0614, 0.1708, 0.0652, 0.1337, 0.0351, 0.0421,
         0.0433],
        [0.0804, 0.0664, 0.4891, 0.0342, 0.0356, 0.0387, 0.1406, 0.0323, 0.0250,
         0.0578],
        [0.0336, 0.0513, 0.0449, 0.0378, 0.0510, 0.0587, 0.0632, 0.5688, 0.0450,
         0.0458],
        [0.0438, 0.0985, 0.0669, 0.0501, 0.0554, 0.0552, 0.2099, 0.0546, 0.3202,
         0.0455],
        [0.0400, 0.5587, 0.0338, 0.0480, 0.0546, 0.0356, 0.0327, 0.0540, 0.0357,
         0.1068],
        [0.0287, 0.0157, 0.0236, 0.0367, 0.0376, 0.0332, 0.7427, 0.0295, 0.0167,
         0.0357],
        [0.0434, 0.0365, 0.1416, 0.2843, 0.2445, 0.0736, 0.0565, 0.0348, 0.0413,
         0.0435],
        [0.0390, 0.0512, 0.0672, 0.0954, 0.0754, 0.1517, 0.0413, 0.3806, 0.0469,
         0.0514],
        [0.0384, 0.0473, 0.0225, 0.0290, 0.0451, 0.6333, 0.0448, 0.0582, 0.0411,
         0.0402],
        [0.0306, 0.0486, 0.0505, 0.0546, 0.0504, 0.0651, 0.0521, 0.0432, 0.5539,
         0.0510],
        [0.0198, 0.7484, 0.0252, 0.0248, 0.0252, 0.0291, 0.0355, 0.0327, 0.0282,
         0.0311],
        [0.0478, 0.0365, 0.0467, 0.0393, 0.0483, 0.0429, 0.0423, 0.0441, 0.0411,
         0.6109],
        [0.0695, 0.0822, 0.1272, 0.3108, 0.0815, 0.0871, 0.0923, 0.0412, 0.0578,
         0.0504],
        [0.0379, 0.0394, 0.0435, 0.0420, 0.0296, 0.0484, 0.0659, 0.5928, 0.0566,
         0.0438],
        [0.0990, 0.0437, 0.0847, 0.2860, 0.0592, 0.1275, 0.0435, 0.1624, 0.0521,
         0.0420],
        [0.0406, 0.0703, 0.0530, 0.0383, 0.0513, 0.0670, 0.0639, 0.5163, 0.0521,
         0.0471],
        [0.0643, 0.0373, 0.3229, 0.1567, 0.0802, 0.0869, 0.0633, 0.0526, 0.0335,
         0.1024],
        [0.0660, 0.0475, 0.5626, 0.0305, 0.0711, 0.0469, 0.0550, 0.0424, 0.0300,
         0.0479],
        [0.0539, 0.0576, 0.6036, 0.0346, 0.0563, 0.0472, 0.0517, 0.0272, 0.0296,
         0.0384],
        [0.0416, 0.0395, 0.5459, 0.0453, 0.0771, 0.0425, 0.0821, 0.0464, 0.0403,
         0.0392],
        [0.0497, 0.0441, 0.1031, 0.1148, 0.0771, 0.3320, 0.0620, 0.1201, 0.0505,
         0.0466],
        [0.0608, 0.0331, 0.0376, 0.4866, 0.0688, 0.1333, 0.0370, 0.0509, 0.0389,
         0.0529],
        [0.0377, 0.0622, 0.0345, 0.0646, 0.3922, 0.0632, 0.0549, 0.1804, 0.0480,
         0.0623],
        [0.0596, 0.0425, 0.0449, 0.0555, 0.0515, 0.0636, 0.0526, 0.0481, 0.5190,
         0.0627],
        [0.0369, 0.0402, 0.0517, 0.1636, 0.4109, 0.0679, 0.0509, 0.0690, 0.0591,
         0.0496],
        [0.0521, 0.0404, 0.0430, 0.0708, 0.1111, 0.0757, 0.4726, 0.0446, 0.0432,
         0.0465],
        [0.0482, 0.0412, 0.0319, 0.0701, 0.5529, 0.0513, 0.0830, 0.0325, 0.0451,
         0.0437],
        [0.0654, 0.0472, 0.0403, 0.2858, 0.0666, 0.2565, 0.0518, 0.0993, 0.0362,
         0.0508],
        [0.0481, 0.0501, 0.0358, 0.2184, 0.1245, 0.1009, 0.0666, 0.0358, 0.0555,
         0.2642],
        [0.0340, 0.0637, 0.0447, 0.0605, 0.0439, 0.0598, 0.0499, 0.0429, 0.5429,
         0.0575],
        [0.0205, 0.7326, 0.0231, 0.0370, 0.0259, 0.0407, 0.0253, 0.0283, 0.0323,
         0.0343],
        [0.0306, 0.0537, 0.0338, 0.0512, 0.1353, 0.0893, 0.0540, 0.4440, 0.0558,
         0.0523],
        [0.4702, 0.0539, 0.0951, 0.0608, 0.0349, 0.0737, 0.0731, 0.0501, 0.0355,
         0.0527],
        [0.0553, 0.0400, 0.0561, 0.0381, 0.0435, 0.0350, 0.0395, 0.0412, 0.0362,
         0.6151],
        [0.0526, 0.0564, 0.6014, 0.0323, 0.0414, 0.0375, 0.0637, 0.0301, 0.0416,
         0.0431],
        [0.5841, 0.0644, 0.0693, 0.0363, 0.0447, 0.0366, 0.0300, 0.0411, 0.0384,
         0.0551],
        [0.0331, 0.0389, 0.1228, 0.0374, 0.5520, 0.0436, 0.0544, 0.0399, 0.0324,
         0.0456],
        [0.0264, 0.6914, 0.0259, 0.0566, 0.0279, 0.0321, 0.0246, 0.0355, 0.0479,
         0.0314],
        [0.0294, 0.5643, 0.0623, 0.0413, 0.0271, 0.0377, 0.0806, 0.0427, 0.0750,
         0.0397],
        [0.0452, 0.0579, 0.0820, 0.0610, 0.0798, 0.0611, 0.0473, 0.4721, 0.0458,
         0.0476],
        [0.0492, 0.0487, 0.0663, 0.1433, 0.1930, 0.1741, 0.0467, 0.1948, 0.0443,
         0.0396],
        [0.0417, 0.0513, 0.0745, 0.0634, 0.0787, 0.1122, 0.0593, 0.4386, 0.0388,
         0.0415],
        [0.0416, 0.0695, 0.0464, 0.0430, 0.0331, 0.0495, 0.0407, 0.0374, 0.6007,
         0.0382],
        [0.0487, 0.0414, 0.0532, 0.0511, 0.1501, 0.0597, 0.4307, 0.0540, 0.0629,
         0.0483],
        [0.0475, 0.0460, 0.0459, 0.0494, 0.0751, 0.0391, 0.0543, 0.5277, 0.0556,
         0.0595],
        [0.0414, 0.0357, 0.0174, 0.0247, 0.0446, 0.6771, 0.0507, 0.0363, 0.0345,
         0.0373],
        [0.0368, 0.0413, 0.0328, 0.6297, 0.0552, 0.0661, 0.0333, 0.0300, 0.0359,
         0.0389],
        [0.0577, 0.0327, 0.0303, 0.4122, 0.0681, 0.2259, 0.0307, 0.0415, 0.0438,
         0.0571],
        [0.0398, 0.0447, 0.0476, 0.0313, 0.0471, 0.0326, 0.0354, 0.0310, 0.0334,
         0.6572],
        [0.0255, 0.0509, 0.0185, 0.0422, 0.6580, 0.0376, 0.0562, 0.0221, 0.0465,
         0.0424],
        [0.0463, 0.0509, 0.0200, 0.0434, 0.0498, 0.6312, 0.0425, 0.0402, 0.0353,
         0.0404],
        [0.0551, 0.0549, 0.1368, 0.0889, 0.1317, 0.0486, 0.3472, 0.0432, 0.0495,
         0.0443],
        [0.0597, 0.0472, 0.5797, 0.0287, 0.1088, 0.0384, 0.0421, 0.0339, 0.0232,
         0.0384],
        [0.5845, 0.0623, 0.0334, 0.0446, 0.0578, 0.0508, 0.0337, 0.0366, 0.0398,
         0.0564],
        [0.5199, 0.0733, 0.0381, 0.0554, 0.0529, 0.0560, 0.0341, 0.0643, 0.0461,
         0.0600],
        [0.0333, 0.0376, 0.0228, 0.6261, 0.0525, 0.1052, 0.0252, 0.0285, 0.0385,
         0.0302],
        [0.0482, 0.0566, 0.0421, 0.0652, 0.0527, 0.0513, 0.0508, 0.0553, 0.5172,
         0.0606],
        [0.0330, 0.0311, 0.0345, 0.0313, 0.0375, 0.0276, 0.6983, 0.0370, 0.0320,
         0.0378],
        [0.0915, 0.4522, 0.0425, 0.0501, 0.0419, 0.0558, 0.0361, 0.0474, 0.0421,
         0.1406],
        [0.0631, 0.0438, 0.2929, 0.0511, 0.0674, 0.0821, 0.1080, 0.1862, 0.0382,
         0.0673],
        [0.0341, 0.7350, 0.0251, 0.0404, 0.0226, 0.0323, 0.0194, 0.0304, 0.0253,
         0.0355],
        [0.0275, 0.6806, 0.0224, 0.0287, 0.0311, 0.0327, 0.0494, 0.0369, 0.0426,
         0.0480],
        [0.0480, 0.0729, 0.0502, 0.0806, 0.0588, 0.0649, 0.0676, 0.4425, 0.0466,
         0.0679],
        [0.1099, 0.0738, 0.0877, 0.1401, 0.0577, 0.0611, 0.0697, 0.0664, 0.0326,
         0.3008],
        [0.1539, 0.1717, 0.0509, 0.0502, 0.0628, 0.0544, 0.0358, 0.0473, 0.2836,
         0.0894],
        [0.0386, 0.0492, 0.0418, 0.0368, 0.0563, 0.0452, 0.0316, 0.0399, 0.0432,
         0.6173],
        [0.0434, 0.5417, 0.0394, 0.0434, 0.0379, 0.0577, 0.0529, 0.0436, 0.0652,
         0.0748],
        [0.0501, 0.0384, 0.0336, 0.0655, 0.1162, 0.0784, 0.0588, 0.0496, 0.4653,
         0.0441]], device='cuda:0', grad_fn=<SoftmaxBackward>)
>> best accuracy: 81.54	best epoch: 20

>> final recovery rate: 60.00888888888889%
>> val epoch: 25
>> current accuracy: 79.66%
outputs: tensor([[0.0554, 0.0489, 0.0263, 0.0604, 0.5238, 0.0403, 0.0502, 0.0913, 0.0614,
         0.0421],
        [0.0314, 0.0203, 0.0468, 0.0561, 0.0310, 0.0431, 0.6246, 0.0532, 0.0473,
         0.0463],
        [0.3490, 0.0249, 0.0525, 0.0857, 0.0701, 0.0730, 0.0605, 0.1115, 0.0709,
         0.1018],
        [0.0813, 0.0314, 0.0443, 0.0763, 0.3259, 0.0792, 0.0473, 0.2165, 0.0397,
         0.0582],
        [0.0633, 0.0365, 0.0459, 0.0820, 0.0350, 0.0503, 0.0645, 0.0605, 0.5109,
         0.0511],
        [0.3671, 0.0210, 0.0700, 0.0512, 0.0286, 0.0733, 0.0629, 0.0660, 0.0316,
         0.2283],
        [0.1243, 0.0540, 0.0611, 0.1085, 0.0746, 0.3940, 0.0465, 0.0541, 0.0498,
         0.0330],
        [0.3784, 0.0351, 0.0441, 0.0847, 0.0357, 0.0522, 0.0683, 0.0599, 0.1670,
         0.0746],
        [0.0731, 0.0748, 0.5604, 0.0269, 0.0214, 0.0394, 0.0626, 0.0261, 0.0277,
         0.0877],
        [0.0579, 0.5199, 0.0561, 0.0602, 0.0313, 0.0473, 0.0603, 0.0816, 0.0397,
         0.0455],
        [0.0495, 0.3388, 0.0810, 0.1052, 0.0212, 0.1932, 0.0743, 0.0484, 0.0358,
         0.0526],
        [0.0475, 0.0316, 0.0455, 0.0308, 0.0137, 0.7095, 0.0440, 0.0256, 0.0263,
         0.0257],
        [0.0191, 0.0309, 0.0238, 0.0354, 0.0296, 0.0512, 0.0344, 0.0497, 0.0593,
         0.6667],
        [0.0465, 0.0458, 0.0374, 0.0417, 0.0211, 0.5123, 0.0547, 0.1740, 0.0256,
         0.0409],
        [0.0213, 0.0261, 0.0398, 0.0603, 0.0303, 0.0356, 0.0416, 0.0468, 0.6614,
         0.0368],
        [0.0605, 0.0254, 0.3762, 0.0358, 0.0327, 0.2531, 0.0733, 0.0407, 0.0344,
         0.0681],
        [0.0710, 0.0503, 0.4223, 0.0378, 0.0466, 0.2028, 0.0522, 0.0265, 0.0372,
         0.0534],
        [0.0299, 0.6747, 0.0392, 0.0570, 0.0169, 0.0401, 0.0411, 0.0471, 0.0250,
         0.0290],
        [0.5819, 0.0238, 0.1127, 0.0586, 0.0274, 0.0388, 0.0410, 0.0306, 0.0289,
         0.0564],
        [0.0251, 0.0188, 0.0383, 0.0461, 0.0294, 0.0355, 0.6744, 0.0622, 0.0342,
         0.0360],
        [0.2437, 0.0680, 0.0524, 0.1043, 0.0359, 0.1041, 0.0551, 0.0560, 0.2200,
         0.0604],
        [0.0247, 0.0321, 0.0307, 0.0364, 0.0318, 0.0514, 0.0440, 0.0600, 0.0472,
         0.6416],
        [0.0737, 0.0315, 0.3580, 0.1261, 0.0893, 0.0749, 0.0557, 0.0703, 0.0377,
         0.0827],
        [0.0489, 0.0491, 0.0441, 0.0786, 0.4464, 0.0945, 0.0669, 0.0718, 0.0455,
         0.0541],
        [0.0199, 0.0450, 0.0436, 0.0560, 0.0354, 0.0495, 0.0385, 0.0430, 0.6310,
         0.0382],
        [0.0427, 0.1561, 0.0700, 0.0499, 0.0516, 0.0953, 0.3885, 0.0618, 0.0485,
         0.0357],
        [0.0908, 0.0555, 0.0445, 0.0691, 0.2531, 0.0507, 0.0505, 0.2921, 0.0522,
         0.0413],
        [0.1486, 0.0432, 0.5011, 0.0318, 0.0342, 0.0377, 0.0407, 0.0424, 0.0390,
         0.0812],
        [0.0521, 0.0407, 0.0469, 0.0490, 0.5266, 0.0539, 0.0505, 0.0846, 0.0500,
         0.0458],
        [0.1515, 0.0277, 0.0912, 0.0726, 0.0383, 0.0519, 0.0571, 0.0542, 0.3729,
         0.0824],
        [0.1268, 0.0550, 0.2794, 0.0617, 0.0251, 0.1569, 0.0392, 0.0393, 0.0373,
         0.1795],
        [0.0678, 0.0526, 0.0493, 0.3910, 0.1491, 0.1212, 0.0474, 0.0529, 0.0340,
         0.0348],
        [0.0398, 0.6295, 0.0389, 0.0499, 0.0222, 0.0458, 0.0423, 0.0517, 0.0313,
         0.0488],
        [0.0571, 0.0416, 0.0764, 0.2494, 0.0356, 0.0545, 0.3262, 0.0641, 0.0469,
         0.0481],
        [0.0636, 0.0376, 0.0484, 0.0693, 0.4374, 0.0696, 0.0376, 0.1593, 0.0438,
         0.0335],
        [0.0841, 0.0322, 0.0776, 0.0596, 0.0392, 0.0730, 0.0651, 0.0593, 0.4551,
         0.0547],
        [0.0662, 0.0320, 0.0476, 0.0697, 0.0295, 0.0602, 0.0546, 0.0559, 0.1708,
         0.4136],
        [0.0644, 0.0482, 0.0432, 0.6432, 0.0233, 0.0431, 0.0420, 0.0208, 0.0280,
         0.0438],
        [0.0458, 0.0556, 0.0242, 0.0618, 0.5023, 0.0444, 0.0434, 0.1327, 0.0526,
         0.0373],
        [0.0301, 0.6842, 0.0437, 0.0372, 0.0201, 0.0457, 0.0410, 0.0414, 0.0209,
         0.0358],
        [0.0289, 0.0603, 0.0438, 0.0273, 0.0267, 0.0577, 0.0499, 0.0596, 0.0288,
         0.6170],
        [0.0399, 0.0320, 0.1209, 0.0459, 0.0395, 0.0508, 0.4983, 0.0707, 0.0521,
         0.0501],
        [0.0478, 0.0636, 0.4871, 0.0304, 0.1138, 0.0469, 0.0350, 0.0395, 0.0704,
         0.0654],
        [0.0436, 0.0421, 0.0473, 0.5120, 0.0669, 0.0882, 0.0539, 0.0596, 0.0311,
         0.0552],
        [0.0709, 0.0492, 0.0570, 0.1100, 0.0175, 0.5590, 0.0487, 0.0238, 0.0336,
         0.0302],
        [0.0437, 0.0322, 0.5237, 0.0566, 0.0429, 0.0836, 0.0536, 0.0454, 0.0699,
         0.0483],
        [0.0304, 0.0596, 0.0412, 0.0612, 0.0359, 0.0659, 0.0508, 0.0618, 0.1384,
         0.4548],
        [0.0455, 0.2453, 0.0687, 0.0910, 0.0398, 0.1262, 0.0554, 0.2099, 0.0379,
         0.0803],
        [0.0494, 0.5295, 0.0488, 0.0569, 0.0294, 0.0568, 0.0567, 0.0541, 0.0447,
         0.0737],
        [0.0482, 0.0409, 0.2010, 0.3223, 0.0639, 0.0817, 0.0832, 0.0466, 0.0744,
         0.0377],
        [0.0421, 0.0323, 0.0567, 0.0562, 0.0428, 0.0538, 0.0442, 0.6015, 0.0322,
         0.0382],
        [0.0356, 0.6831, 0.0436, 0.0521, 0.0197, 0.0397, 0.0322, 0.0404, 0.0263,
         0.0273],
        [0.6207, 0.0294, 0.0453, 0.0622, 0.0294, 0.0422, 0.0419, 0.0482, 0.0268,
         0.0540],
        [0.0376, 0.0188, 0.0522, 0.0408, 0.0469, 0.0527, 0.5944, 0.0739, 0.0394,
         0.0433],
        [0.0545, 0.1624, 0.1271, 0.0634, 0.0287, 0.0856, 0.1968, 0.1877, 0.0351,
         0.0587],
        [0.0429, 0.0464, 0.0298, 0.0547, 0.4878, 0.0440, 0.0495, 0.1430, 0.0613,
         0.0407],
        [0.0572, 0.0450, 0.2742, 0.1467, 0.1103, 0.0642, 0.1360, 0.0560, 0.0399,
         0.0706],
        [0.0539, 0.0615, 0.0312, 0.1119, 0.3934, 0.1178, 0.0616, 0.0665, 0.0618,
         0.0405],
        [0.0341, 0.0202, 0.0937, 0.0354, 0.0315, 0.0458, 0.6026, 0.0491, 0.0375,
         0.0503],
        [0.0528, 0.0443, 0.0331, 0.1160, 0.4626, 0.0873, 0.0416, 0.0853, 0.0449,
         0.0322],
        [0.1638, 0.0426, 0.1699, 0.2039, 0.0928, 0.0825, 0.0876, 0.0570, 0.0300,
         0.0700],
        [0.0598, 0.0290, 0.5237, 0.0923, 0.0374, 0.0707, 0.0493, 0.0391, 0.0372,
         0.0615],
        [0.0799, 0.0457, 0.1190, 0.0704, 0.0196, 0.5348, 0.0330, 0.0241, 0.0448,
         0.0287],
        [0.0782, 0.0871, 0.0551, 0.0829, 0.0278, 0.0464, 0.0693, 0.0629, 0.0815,
         0.4088],
        [0.0611, 0.0369, 0.0902, 0.2382, 0.0629, 0.0737, 0.1309, 0.1059, 0.1476,
         0.0527],
        [0.0695, 0.0573, 0.0440, 0.0662, 0.5114, 0.0481, 0.0438, 0.0602, 0.0603,
         0.0392],
        [0.0295, 0.0325, 0.0448, 0.0490, 0.0731, 0.0464, 0.4895, 0.0904, 0.1108,
         0.0341],
        [0.0654, 0.3638, 0.0432, 0.1514, 0.0339, 0.0571, 0.0455, 0.1516, 0.0506,
         0.0375],
        [0.5245, 0.0289, 0.0867, 0.0559, 0.0345, 0.0580, 0.0407, 0.0691, 0.0553,
         0.0463],
        [0.0302, 0.0211, 0.0302, 0.0345, 0.0263, 0.0396, 0.0445, 0.7247, 0.0178,
         0.0310],
        [0.0443, 0.0385, 0.0843, 0.0872, 0.0297, 0.0542, 0.5409, 0.0304, 0.0230,
         0.0676],
        [0.0496, 0.0227, 0.0349, 0.0341, 0.0387, 0.0398, 0.0498, 0.6641, 0.0312,
         0.0350]], device='cuda:0', grad_fn=<SoftmaxBackward>)
>> best accuracy: 81.54	best epoch: 20

>> final recovery rate: 60.00888888888889%
>> val epoch: 30
>> current accuracy: 80.60000000000001%
outputs: tensor([[0.0472, 0.0378, 0.0358, 0.0412, 0.0602, 0.0423, 0.5631, 0.0708, 0.0601,
         0.0415],
        [0.0485, 0.0426, 0.0369, 0.0666, 0.0718, 0.0668, 0.0455, 0.0557, 0.0618,
         0.5039],
        [0.0459, 0.0707, 0.4885, 0.0394, 0.0643, 0.1071, 0.0396, 0.0496, 0.0428,
         0.0521],
        [0.0623, 0.0315, 0.0726, 0.0548, 0.1357, 0.0547, 0.0645, 0.4054, 0.0450,
         0.0734],
        [0.0196, 0.0398, 0.0330, 0.0348, 0.0420, 0.0822, 0.0308, 0.0344, 0.6203,
         0.0632],
        [0.0609, 0.0493, 0.1227, 0.0862, 0.0512, 0.0510, 0.4126, 0.0642, 0.0523,
         0.0496],
        [0.0303, 0.0387, 0.0188, 0.0313, 0.0361, 0.6721, 0.0464, 0.0590, 0.0316,
         0.0357],
        [0.0444, 0.0221, 0.0450, 0.0531, 0.0396, 0.0359, 0.6118, 0.0526, 0.0480,
         0.0473],
        [0.0294, 0.1746, 0.0277, 0.0794, 0.0422, 0.0635, 0.0405, 0.1089, 0.0405,
         0.3933],
        [0.0614, 0.0311, 0.0478, 0.5157, 0.0342, 0.0480, 0.1317, 0.0562, 0.0353,
         0.0386],
        [0.4568, 0.0591, 0.0318, 0.1406, 0.0500, 0.0535, 0.0311, 0.0893, 0.0483,
         0.0395],
        [0.0517, 0.0820, 0.1421, 0.0312, 0.0470, 0.3819, 0.1024, 0.0452, 0.0602,
         0.0563],
        [0.0281, 0.0572, 0.0140, 0.0799, 0.5478, 0.0837, 0.0516, 0.0371, 0.0568,
         0.0436],
        [0.0266, 0.0394, 0.0206, 0.0276, 0.7261, 0.0155, 0.0378, 0.0406, 0.0288,
         0.0371],
        [0.0287, 0.0439, 0.0261, 0.0449, 0.0289, 0.0413, 0.0514, 0.6536, 0.0361,
         0.0450],
        [0.0287, 0.0328, 0.0185, 0.0258, 0.0365, 0.7375, 0.0347, 0.0299, 0.0276,
         0.0279],
        [0.0978, 0.0600, 0.0537, 0.1510, 0.0204, 0.0364, 0.0569, 0.0809, 0.0327,
         0.4103],
        [0.0399, 0.0617, 0.3297, 0.0402, 0.1052, 0.1159, 0.0498, 0.1434, 0.0552,
         0.0590],
        [0.4822, 0.1452, 0.0237, 0.0616, 0.0608, 0.0509, 0.0389, 0.0473, 0.0333,
         0.0562],
        [0.0265, 0.6696, 0.0256, 0.0448, 0.0395, 0.0393, 0.0300, 0.0368, 0.0266,
         0.0613],
        [0.0582, 0.0932, 0.2185, 0.1586, 0.0533, 0.1727, 0.0419, 0.0968, 0.0569,
         0.0500],
        [0.0494, 0.0673, 0.4938, 0.0426, 0.0628, 0.0547, 0.0602, 0.0715, 0.0444,
         0.0532],
        [0.0897, 0.0810, 0.4701, 0.0401, 0.0484, 0.0536, 0.0556, 0.0641, 0.0387,
         0.0588],
        [0.1188, 0.0750, 0.0358, 0.0762, 0.0560, 0.0631, 0.0498, 0.0577, 0.3968,
         0.0708],
        [0.1976, 0.0393, 0.2595, 0.1016, 0.0700, 0.0570, 0.0484, 0.1058, 0.0419,
         0.0790],
        [0.0348, 0.0472, 0.0414, 0.0667, 0.0559, 0.0602, 0.0395, 0.0490, 0.0527,
         0.5526],
        [0.1404, 0.0671, 0.0375, 0.1293, 0.0527, 0.0376, 0.1495, 0.2490, 0.0467,
         0.0902],
        [0.0223, 0.4431, 0.0327, 0.0324, 0.0554, 0.0561, 0.0516, 0.0337, 0.0373,
         0.2355],
        [0.0353, 0.0693, 0.5402, 0.0540, 0.0623, 0.0447, 0.0492, 0.0522, 0.0391,
         0.0537],
        [0.0299, 0.7002, 0.0243, 0.0340, 0.0546, 0.0331, 0.0245, 0.0350, 0.0198,
         0.0446],
        [0.0593, 0.2902, 0.0371, 0.0611, 0.0841, 0.0447, 0.0447, 0.0535, 0.0281,
         0.2972],
        [0.0364, 0.0327, 0.0341, 0.0367, 0.0436, 0.0487, 0.0461, 0.6387, 0.0365,
         0.0466],
        [0.0304, 0.0271, 0.0258, 0.0456, 0.0446, 0.0397, 0.6490, 0.0492, 0.0444,
         0.0443],
        [0.0316, 0.0310, 0.0325, 0.0510, 0.0547, 0.0762, 0.0335, 0.0440, 0.5929,
         0.0526],
        [0.0377, 0.0623, 0.1026, 0.0783, 0.4913, 0.0359, 0.0488, 0.0539, 0.0322,
         0.0570],
        [0.0346, 0.0373, 0.0215, 0.0382, 0.0413, 0.7021, 0.0293, 0.0367, 0.0333,
         0.0256],
        [0.4021, 0.0624, 0.1357, 0.0542, 0.0539, 0.0461, 0.0656, 0.0693, 0.0435,
         0.0673],
        [0.0283, 0.0479, 0.0322, 0.1168, 0.1981, 0.0946, 0.0339, 0.3535, 0.0301,
         0.0645],
        [0.0389, 0.0565, 0.0451, 0.0479, 0.0701, 0.0938, 0.0524, 0.0413, 0.4985,
         0.0555],
        [0.0453, 0.0522, 0.0451, 0.4734, 0.0375, 0.0374, 0.0268, 0.0599, 0.1674,
         0.0550],
        [0.0174, 0.0192, 0.0252, 0.7346, 0.0261, 0.0426, 0.0208, 0.0328, 0.0474,
         0.0340],
        [0.0843, 0.0562, 0.0660, 0.0890, 0.0814, 0.0636, 0.0354, 0.1330, 0.3257,
         0.0655],
        [0.0306, 0.0365, 0.0404, 0.1183, 0.0521, 0.0565, 0.0631, 0.0553, 0.5069,
         0.0403],
        [0.0418, 0.0327, 0.0436, 0.4947, 0.0508, 0.0314, 0.1517, 0.0603, 0.0372,
         0.0558],
        [0.0416, 0.0556, 0.1274, 0.0535, 0.3799, 0.0318, 0.1277, 0.0779, 0.0407,
         0.0639],
        [0.0355, 0.0650, 0.0550, 0.0733, 0.3951, 0.0426, 0.0252, 0.2169, 0.0374,
         0.0540],
        [0.0284, 0.6683, 0.0283, 0.0428, 0.0476, 0.0389, 0.0310, 0.0358, 0.0246,
         0.0544],
        [0.0296, 0.0413, 0.0247, 0.0851, 0.0757, 0.5864, 0.0306, 0.0403, 0.0370,
         0.0492],
        [0.0405, 0.0338, 0.0235, 0.0340, 0.6604, 0.0279, 0.0797, 0.0327, 0.0275,
         0.0400],
        [0.0330, 0.0348, 0.0363, 0.5489, 0.1731, 0.0382, 0.0228, 0.0376, 0.0275,
         0.0478],
        [0.0470, 0.0366, 0.0344, 0.0541, 0.0553, 0.0529, 0.0434, 0.0458, 0.0633,
         0.5672],
        [0.0445, 0.0426, 0.0407, 0.1094, 0.0487, 0.0478, 0.4512, 0.0598, 0.1116,
         0.0439],
        [0.0364, 0.0389, 0.0265, 0.0459, 0.6422, 0.0196, 0.0289, 0.0935, 0.0199,
         0.0482],
        [0.0267, 0.6366, 0.0279, 0.0475, 0.0518, 0.0423, 0.0373, 0.0441, 0.0271,
         0.0586],
        [0.0418, 0.0394, 0.0272, 0.0554, 0.0298, 0.0418, 0.0567, 0.6101, 0.0487,
         0.0491],
        [0.0482, 0.0651, 0.2264, 0.0476, 0.0571, 0.1037, 0.2743, 0.0673, 0.0611,
         0.0492],
        [0.0390, 0.0301, 0.0427, 0.4096, 0.0840, 0.1933, 0.0273, 0.0958, 0.0334,
         0.0449],
        [0.0952, 0.0520, 0.0384, 0.0658, 0.0642, 0.0697, 0.0554, 0.0465, 0.4466,
         0.0661],
        [0.0283, 0.0851, 0.0262, 0.0448, 0.0586, 0.0822, 0.0620, 0.0430, 0.5206,
         0.0493],
        [0.0709, 0.0664, 0.0380, 0.0677, 0.0422, 0.0598, 0.0418, 0.0497, 0.4872,
         0.0763],
        [0.0677, 0.1207, 0.0311, 0.0691, 0.0562, 0.0736, 0.0474, 0.0476, 0.3928,
         0.0939],
        [0.0772, 0.0879, 0.4432, 0.0383, 0.0518, 0.0531, 0.0824, 0.0602, 0.0383,
         0.0676],
        [0.0299, 0.0488, 0.0354, 0.1999, 0.1192, 0.3475, 0.0292, 0.0988, 0.0420,
         0.0493],
        [0.0209, 0.0259, 0.0217, 0.7404, 0.0320, 0.0259, 0.0384, 0.0289, 0.0256,
         0.0403],
        [0.1212, 0.0352, 0.0500, 0.0667, 0.0506, 0.0721, 0.0575, 0.2343, 0.2321,
         0.0802],
        [0.0340, 0.0285, 0.0288, 0.0402, 0.7079, 0.0242, 0.0369, 0.0264, 0.0249,
         0.0484],
        [0.0933, 0.0361, 0.2711, 0.2405, 0.0493, 0.1444, 0.0340, 0.0512, 0.0433,
         0.0368],
        [0.5516, 0.0483, 0.0465, 0.0530, 0.0422, 0.0471, 0.0499, 0.0571, 0.0407,
         0.0635],
        [0.0310, 0.3773, 0.0287, 0.1221, 0.0421, 0.0470, 0.0392, 0.0586, 0.0469,
         0.2071],
        [0.0397, 0.0812, 0.0350, 0.0533, 0.0749, 0.0910, 0.0540, 0.0432, 0.4655,
         0.0622],
        [0.0205, 0.4174, 0.0387, 0.0617, 0.0370, 0.0399, 0.0561, 0.0413, 0.0396,
         0.2477],
        [0.0407, 0.0443, 0.0300, 0.0576, 0.0348, 0.0387, 0.0402, 0.6223, 0.0408,
         0.0506]], device='cuda:0', grad_fn=<SoftmaxBackward>)
>> best accuracy: 81.54	best epoch: 20

>> final recovery rate: 60.00888888888889%
>> val epoch: 35
>> current accuracy: 83.3%
outputs: tensor([[0.0366, 0.5787, 0.0564, 0.1374, 0.0335, 0.0261, 0.0189, 0.0406, 0.0412,
         0.0304],
        [0.0333, 0.0304, 0.0345, 0.0211, 0.0251, 0.6742, 0.0615, 0.0496, 0.0397,
         0.0306],
        [0.0427, 0.0536, 0.0550, 0.0434, 0.0502, 0.0413, 0.0556, 0.0523, 0.0464,
         0.5595],
        [0.0125, 0.0243, 0.0251, 0.0219, 0.0132, 0.0232, 0.0228, 0.8205, 0.0211,
         0.0156],
        [0.6963, 0.0164, 0.0289, 0.0361, 0.0424, 0.0182, 0.0404, 0.0232, 0.0440,
         0.0541],
        [0.0347, 0.0275, 0.0326, 0.0461, 0.0239, 0.0266, 0.0427, 0.0582, 0.6441,
         0.0636],
        [0.0267, 0.6231, 0.0678, 0.0546, 0.0252, 0.0222, 0.0162, 0.0684, 0.0483,
         0.0475],
        [0.0407, 0.1023, 0.0479, 0.0264, 0.0886, 0.4711, 0.0384, 0.0852, 0.0572,
         0.0422],
        [0.6318, 0.0261, 0.0627, 0.0235, 0.0371, 0.0162, 0.0310, 0.0410, 0.1146,
         0.0161],
        [0.3905, 0.0434, 0.1224, 0.0956, 0.0498, 0.0289, 0.0298, 0.0712, 0.1407,
         0.0278],
        [0.0268, 0.0440, 0.0276, 0.0869, 0.0767, 0.4055, 0.1422, 0.0549, 0.1043,
         0.0313],
        [0.0422, 0.0324, 0.0348, 0.0214, 0.0303, 0.6782, 0.0433, 0.0484, 0.0451,
         0.0240],
        [0.0203, 0.0193, 0.0257, 0.0311, 0.0251, 0.0157, 0.0235, 0.0586, 0.7509,
         0.0297],
        [0.0465, 0.0450, 0.1144, 0.0418, 0.0357, 0.5438, 0.0427, 0.0361, 0.0624,
         0.0316],
        [0.0491, 0.0568, 0.0836, 0.0333, 0.5430, 0.0256, 0.0488, 0.0251, 0.0743,
         0.0604],
        [0.0538, 0.0387, 0.0591, 0.0586, 0.0495, 0.0404, 0.0430, 0.0384, 0.0481,
         0.5704],
        [0.1072, 0.0587, 0.3976, 0.0911, 0.0637, 0.0257, 0.0840, 0.0999, 0.0147,
         0.0574],
        [0.6736, 0.0292, 0.0411, 0.0408, 0.0374, 0.0299, 0.0476, 0.0317, 0.0406,
         0.0281],
        [0.0220, 0.0339, 0.0327, 0.0341, 0.0220, 0.0559, 0.0445, 0.6889, 0.0434,
         0.0226],
        [0.0295, 0.6459, 0.0336, 0.0368, 0.0484, 0.0517, 0.0522, 0.0448, 0.0315,
         0.0256],
        [0.0358, 0.0220, 0.0384, 0.0377, 0.0412, 0.0405, 0.6251, 0.0727, 0.0609,
         0.0257],
        [0.6468, 0.0319, 0.0818, 0.0324, 0.0420, 0.0252, 0.0282, 0.0456, 0.0418,
         0.0243],
        [0.5116, 0.0398, 0.0411, 0.0331, 0.0475, 0.0339, 0.1178, 0.0470, 0.0575,
         0.0707],
        [0.0154, 0.0143, 0.0319, 0.0351, 0.0348, 0.0318, 0.0313, 0.0498, 0.7300,
         0.0257],
        [0.0215, 0.0295, 0.0239, 0.0196, 0.0120, 0.0247, 0.0324, 0.7978, 0.0248,
         0.0139],
        [0.6113, 0.0453, 0.0541, 0.0396, 0.0505, 0.0410, 0.0370, 0.0498, 0.0309,
         0.0405],
        [0.2975, 0.0242, 0.0390, 0.3068, 0.0325, 0.0339, 0.0631, 0.0824, 0.0581,
         0.0623],
        [0.6486, 0.0300, 0.0480, 0.0294, 0.0748, 0.0287, 0.0257, 0.0540, 0.0404,
         0.0205],
        [0.0446, 0.0434, 0.0618, 0.0560, 0.0494, 0.0474, 0.0581, 0.0547, 0.0471,
         0.5375],
        [0.0192, 0.5346, 0.0538, 0.0484, 0.0493, 0.0462, 0.0372, 0.0728, 0.0447,
         0.0938],
        [0.5201, 0.0199, 0.1880, 0.0454, 0.0301, 0.0265, 0.0603, 0.0560, 0.0303,
         0.0233],
        [0.0174, 0.0253, 0.0259, 0.0396, 0.0285, 0.0208, 0.0308, 0.0562, 0.7191,
         0.0364],
        [0.0622, 0.0258, 0.0494, 0.0849, 0.0313, 0.0289, 0.0565, 0.0739, 0.4891,
         0.0981],
        [0.0388, 0.0524, 0.0497, 0.0856, 0.2235, 0.4022, 0.0382, 0.0396, 0.0413,
         0.0287],
        [0.0253, 0.5670, 0.0475, 0.0519, 0.0527, 0.0672, 0.0498, 0.0497, 0.0278,
         0.0610],
        [0.7200, 0.0290, 0.0418, 0.0371, 0.0342, 0.0181, 0.0258, 0.0413, 0.0379,
         0.0148],
        [0.0528, 0.4400, 0.0583, 0.0371, 0.0531, 0.0429, 0.0512, 0.0513, 0.0317,
         0.1816],
        [0.0308, 0.0340, 0.0423, 0.0379, 0.6544, 0.0304, 0.0452, 0.0327, 0.0507,
         0.0415],
        [0.7404, 0.0262, 0.0326, 0.0306, 0.0426, 0.0212, 0.0196, 0.0400, 0.0300,
         0.0168],
        [0.0473, 0.0338, 0.0618, 0.0486, 0.0538, 0.5964, 0.0364, 0.0419, 0.0520,
         0.0281],
        [0.0359, 0.0395, 0.0678, 0.3160, 0.1583, 0.1239, 0.1297, 0.0615, 0.0360,
         0.0315],
        [0.0366, 0.6200, 0.0551, 0.0535, 0.0358, 0.0491, 0.0219, 0.0559, 0.0495,
         0.0227],
        [0.6250, 0.0514, 0.0675, 0.0249, 0.0418, 0.0177, 0.0340, 0.0446, 0.0652,
         0.0279],
        [0.0222, 0.0236, 0.0294, 0.7778, 0.0207, 0.0224, 0.0416, 0.0259, 0.0168,
         0.0196],
        [0.0281, 0.0351, 0.4021, 0.0341, 0.0338, 0.0383, 0.3255, 0.0473, 0.0394,
         0.0163],
        [0.0285, 0.0585, 0.0807, 0.5844, 0.0244, 0.0457, 0.0605, 0.0514, 0.0386,
         0.0272],
        [0.0254, 0.0227, 0.7361, 0.0217, 0.0199, 0.0405, 0.0485, 0.0273, 0.0350,
         0.0229],
        [0.0171, 0.0443, 0.1109, 0.4745, 0.0485, 0.0399, 0.0365, 0.1298, 0.0451,
         0.0535],
        [0.7624, 0.0200, 0.0321, 0.0238, 0.0324, 0.0167, 0.0253, 0.0404, 0.0273,
         0.0196],
        [0.0241, 0.0719, 0.0250, 0.0415, 0.0477, 0.1656, 0.0602, 0.4980, 0.0310,
         0.0351],
        [0.0345, 0.0267, 0.0383, 0.0288, 0.0466, 0.0783, 0.6209, 0.0615, 0.0437,
         0.0208],
        [0.0195, 0.0379, 0.3292, 0.1185, 0.0282, 0.0375, 0.0352, 0.1043, 0.2617,
         0.0279],
        [0.0412, 0.0960, 0.0543, 0.0952, 0.0688, 0.2441, 0.0477, 0.2649, 0.0510,
         0.0368],
        [0.0372, 0.0337, 0.0917, 0.3585, 0.0865, 0.1305, 0.1360, 0.0663, 0.0254,
         0.0342],
        [0.0285, 0.0358, 0.0231, 0.0391, 0.6372, 0.0222, 0.0440, 0.0700, 0.0595,
         0.0405],
        [0.0648, 0.0446, 0.0514, 0.0577, 0.0530, 0.0446, 0.0473, 0.0533, 0.0461,
         0.5373],
        [0.0246, 0.0275, 0.0299, 0.0293, 0.0312, 0.0267, 0.0232, 0.0603, 0.7235,
         0.0237],
        [0.0392, 0.6240, 0.0553, 0.0464, 0.0428, 0.0357, 0.0314, 0.0427, 0.0315,
         0.0510],
        [0.0449, 0.0377, 0.2439, 0.0472, 0.3772, 0.0529, 0.0778, 0.0544, 0.0264,
         0.0375],
        [0.0344, 0.0397, 0.1071, 0.0720, 0.5639, 0.0214, 0.0490, 0.0460, 0.0310,
         0.0355],
        [0.0322, 0.0410, 0.5437, 0.0444, 0.0305, 0.1408, 0.0645, 0.0272, 0.0504,
         0.0253],
        [0.0274, 0.0293, 0.0690, 0.0317, 0.0243, 0.0403, 0.5108, 0.2104, 0.0204,
         0.0362],
        [0.0501, 0.0503, 0.0614, 0.0622, 0.0526, 0.0399, 0.0460, 0.0574, 0.0448,
         0.5353],
        [0.0464, 0.0320, 0.0462, 0.0365, 0.0439, 0.6423, 0.0473, 0.0314, 0.0448,
         0.0293],
        [0.0560, 0.0474, 0.2178, 0.0484, 0.0315, 0.0367, 0.3376, 0.0435, 0.0246,
         0.1565],
        [0.0442, 0.0756, 0.0575, 0.0403, 0.0471, 0.0431, 0.0627, 0.0416, 0.0274,
         0.5604],
        [0.0236, 0.0285, 0.0274, 0.0228, 0.0232, 0.0207, 0.0265, 0.7827, 0.0269,
         0.0177],
        [0.0307, 0.0285, 0.1116, 0.0673, 0.4428, 0.0610, 0.1130, 0.0755, 0.0353,
         0.0343],
        [0.0354, 0.0808, 0.0616, 0.0375, 0.5542, 0.0430, 0.0635, 0.0326, 0.0496,
         0.0418],
        [0.0465, 0.0659, 0.0460, 0.0416, 0.0534, 0.0631, 0.0524, 0.5806, 0.0268,
         0.0238],
        [0.0375, 0.6413, 0.0516, 0.0290, 0.0498, 0.0404, 0.0352, 0.0400, 0.0361,
         0.0389],
        [0.0475, 0.0449, 0.0551, 0.0444, 0.0570, 0.0473, 0.0436, 0.0479, 0.0573,
         0.5551]], device='cuda:0', grad_fn=<SoftmaxBackward>)
>> best accuracy: 83.3	best epoch: 35

>> final recovery rate: 91.15111111111112%
>> val epoch: 40
>> current accuracy: 86.22%
outputs: tensor([[0.0280, 0.7937, 0.0298, 0.0330, 0.0139, 0.0179, 0.0155, 0.0313, 0.0201,
         0.0168],
        [0.0237, 0.0365, 0.3623, 0.0275, 0.1010, 0.0321, 0.0596, 0.2896, 0.0371,
         0.0306],
        [0.0155, 0.0268, 0.0086, 0.8566, 0.0094, 0.0167, 0.0160, 0.0236, 0.0163,
         0.0104],
        [0.0067, 0.0074, 0.0079, 0.0185, 0.0136, 0.0172, 0.0319, 0.0219, 0.8524,
         0.0225],
        [0.0160, 0.0142, 0.0090, 0.0214, 0.0190, 0.0199, 0.0204, 0.0312, 0.8334,
         0.0156],
        [0.8423, 0.0151, 0.0224, 0.0109, 0.0168, 0.0299, 0.0116, 0.0261, 0.0153,
         0.0096],
        [0.0315, 0.5045, 0.0072, 0.0319, 0.0441, 0.0521, 0.2130, 0.0465, 0.0303,
         0.0389],
        [0.5449, 0.0301, 0.0117, 0.0183, 0.0286, 0.0152, 0.0724, 0.2081, 0.0195,
         0.0512],
        [0.0142, 0.0155, 0.0075, 0.0198, 0.0126, 0.0149, 0.8573, 0.0303, 0.0162,
         0.0118],
        [0.0157, 0.0315, 0.0893, 0.0229, 0.0198, 0.0355, 0.1101, 0.0247, 0.0258,
         0.6247],
        [0.0076, 0.0128, 0.0118, 0.0165, 0.0242, 0.0164, 0.0222, 0.0191, 0.8609,
         0.0085],
        [0.0203, 0.0121, 0.0216, 0.1154, 0.0109, 0.7402, 0.0165, 0.0287, 0.0228,
         0.0114],
        [0.0112, 0.0225, 0.8407, 0.0189, 0.0227, 0.0121, 0.0184, 0.0187, 0.0183,
         0.0164],
        [0.0139, 0.8812, 0.0130, 0.0078, 0.0116, 0.0102, 0.0164, 0.0157, 0.0163,
         0.0139],
        [0.0126, 0.8516, 0.0153, 0.0246, 0.0112, 0.0190, 0.0161, 0.0231, 0.0129,
         0.0136],
        [0.0386, 0.0248, 0.1060, 0.5310, 0.0166, 0.0959, 0.1155, 0.0310, 0.0220,
         0.0186],
        [0.0156, 0.0434, 0.0391, 0.4818, 0.0979, 0.0228, 0.0176, 0.0670, 0.1943,
         0.0205],
        [0.0077, 0.0197, 0.0177, 0.0399, 0.0190, 0.0611, 0.0293, 0.7721, 0.0171,
         0.0163],
        [0.2348, 0.0275, 0.0382, 0.4305, 0.0181, 0.0945, 0.0564, 0.0534, 0.0162,
         0.0304],
        [0.0236, 0.8330, 0.0227, 0.0225, 0.0147, 0.0222, 0.0171, 0.0189, 0.0126,
         0.0127],
        [0.0159, 0.0201, 0.8091, 0.0191, 0.0102, 0.0470, 0.0232, 0.0210, 0.0220,
         0.0124],
        [0.0099, 0.0068, 0.0085, 0.0279, 0.8218, 0.0143, 0.0151, 0.0642, 0.0173,
         0.0141],
        [0.0512, 0.0148, 0.0126, 0.0138, 0.0258, 0.0385, 0.0228, 0.0535, 0.7481,
         0.0190],
        [0.0200, 0.7822, 0.0294, 0.0544, 0.0146, 0.0222, 0.0180, 0.0334, 0.0142,
         0.0115],
        [0.0293, 0.0415, 0.0262, 0.0316, 0.0224, 0.0200, 0.0237, 0.0272, 0.0334,
         0.7446],
        [0.7828, 0.0258, 0.0322, 0.0170, 0.0306, 0.0303, 0.0225, 0.0257, 0.0123,
         0.0208],
        [0.0160, 0.0251, 0.0420, 0.0143, 0.8396, 0.0173, 0.0126, 0.0067, 0.0092,
         0.0172],
        [0.0106, 0.0128, 0.0171, 0.0255, 0.8528, 0.0264, 0.0142, 0.0064, 0.0151,
         0.0190],
        [0.0263, 0.0164, 0.0175, 0.0270, 0.0208, 0.0270, 0.0225, 0.0173, 0.0495,
         0.7757],
        [0.0254, 0.0223, 0.0848, 0.0261, 0.7685, 0.0080, 0.0165, 0.0156, 0.0098,
         0.0230],
        [0.0066, 0.0093, 0.0115, 0.0170, 0.0175, 0.0173, 0.0204, 0.0224, 0.8680,
         0.0101],
        [0.0108, 0.0244, 0.0142, 0.0209, 0.0248, 0.0301, 0.0288, 0.7885, 0.0360,
         0.0215],
        [0.8612, 0.0141, 0.0147, 0.0136, 0.0256, 0.0151, 0.0144, 0.0170, 0.0119,
         0.0124],
        [0.3816, 0.0298, 0.1800, 0.0563, 0.0794, 0.0463, 0.1237, 0.0368, 0.0124,
         0.0536],
        [0.0078, 0.0084, 0.0058, 0.0174, 0.0116, 0.0061, 0.0123, 0.0078, 0.0338,
         0.8891],
        [0.0194, 0.0270, 0.6657, 0.0146, 0.0248, 0.0244, 0.1458, 0.0326, 0.0166,
         0.0291],
        [0.2296, 0.0235, 0.1284, 0.0330, 0.3608, 0.0162, 0.0543, 0.1033, 0.0094,
         0.0416],
        [0.2778, 0.0326, 0.1433, 0.0170, 0.1267, 0.0194, 0.0616, 0.2775, 0.0211,
         0.0229],
        [0.0201, 0.0396, 0.0285, 0.0396, 0.0210, 0.0309, 0.0259, 0.0175, 0.0290,
         0.7479],
        [0.7521, 0.0602, 0.0244, 0.0201, 0.0212, 0.0347, 0.0223, 0.0283, 0.0106,
         0.0260],
        [0.0199, 0.0254, 0.0120, 0.0435, 0.3970, 0.3582, 0.0265, 0.0593, 0.0419,
         0.0164],
        [0.0333, 0.0199, 0.4772, 0.0276, 0.0265, 0.0624, 0.2609, 0.0649, 0.0133,
         0.0141],
        [0.0316, 0.0180, 0.0229, 0.0307, 0.0176, 0.0250, 0.0242, 0.0309, 0.0460,
         0.7532],
        [0.0235, 0.0148, 0.0079, 0.0926, 0.0135, 0.7872, 0.0126, 0.0174, 0.0194,
         0.0110],
        [0.0132, 0.0272, 0.0260, 0.3686, 0.0954, 0.0850, 0.0555, 0.0428, 0.0304,
         0.2558],
        [0.0349, 0.0275, 0.0157, 0.0312, 0.0160, 0.0237, 0.0420, 0.0352, 0.6684,
         0.1054],
        [0.0130, 0.0258, 0.0065, 0.0113, 0.7510, 0.0201, 0.0983, 0.0182, 0.0348,
         0.0210],
        [0.8338, 0.0213, 0.0159, 0.0138, 0.0244, 0.0207, 0.0182, 0.0209, 0.0138,
         0.0172],
        [0.0090, 0.0164, 0.0093, 0.0180, 0.0150, 0.0151, 0.0203, 0.0292, 0.8541,
         0.0135],
        [0.0059, 0.0062, 0.0221, 0.0094, 0.0395, 0.0215, 0.0348, 0.0253, 0.8256,
         0.0098],
        [0.0123, 0.0252, 0.8175, 0.0124, 0.0153, 0.0166, 0.0233, 0.0222, 0.0188,
         0.0364],
        [0.0113, 0.0167, 0.0136, 0.3283, 0.0264, 0.3566, 0.1193, 0.0574, 0.0325,
         0.0379],
        [0.8181, 0.0282, 0.0208, 0.0156, 0.0169, 0.0262, 0.0237, 0.0187, 0.0137,
         0.0181],
        [0.0161, 0.0202, 0.0085, 0.6155, 0.0357, 0.1678, 0.0497, 0.0341, 0.0304,
         0.0221],
        [0.0210, 0.0560, 0.0292, 0.0162, 0.0123, 0.0162, 0.0203, 0.0324, 0.0196,
         0.7768],
        [0.0167, 0.0165, 0.0113, 0.0100, 0.0218, 0.7843, 0.0468, 0.0501, 0.0212,
         0.0214],
        [0.0182, 0.8861, 0.0104, 0.0167, 0.0136, 0.0093, 0.0113, 0.0103, 0.0134,
         0.0107],
        [0.0136, 0.0167, 0.0097, 0.0208, 0.0204, 0.0176, 0.0167, 0.0268, 0.8455,
         0.0120],
        [0.0187, 0.0405, 0.8265, 0.0134, 0.0144, 0.0137, 0.0200, 0.0199, 0.0140,
         0.0189],
        [0.0106, 0.0220, 0.7313, 0.0344, 0.0962, 0.0157, 0.0314, 0.0311, 0.0078,
         0.0195],
        [0.0341, 0.0131, 0.7080, 0.0219, 0.0189, 0.0347, 0.0791, 0.0246, 0.0167,
         0.0489],
        [0.0094, 0.0222, 0.0170, 0.0232, 0.0203, 0.0234, 0.0396, 0.8042, 0.0189,
         0.0218],
        [0.0138, 0.0291, 0.8382, 0.0197, 0.0158, 0.0189, 0.0131, 0.0126, 0.0149,
         0.0239],
        [0.0070, 0.0364, 0.0090, 0.0156, 0.0203, 0.0155, 0.0161, 0.0252, 0.8356,
         0.0193],
        [0.0505, 0.0632, 0.0142, 0.5639, 0.0994, 0.0485, 0.0476, 0.0393, 0.0473,
         0.0261],
        [0.0138, 0.7514, 0.0158, 0.0126, 0.0774, 0.0167, 0.0386, 0.0277, 0.0263,
         0.0198],
        [0.0194, 0.0253, 0.0078, 0.4213, 0.0142, 0.4244, 0.0218, 0.0250, 0.0277,
         0.0131],
        [0.0192, 0.0111, 0.0251, 0.3591, 0.0096, 0.4273, 0.0653, 0.0245, 0.0228,
         0.0359],
        [0.0124, 0.0172, 0.0099, 0.0141, 0.8457, 0.0133, 0.0331, 0.0136, 0.0203,
         0.0204],
        [0.0105, 0.0222, 0.0068, 0.0184, 0.7985, 0.0195, 0.0592, 0.0093, 0.0253,
         0.0302],
        [0.0148, 0.8700, 0.0140, 0.0099, 0.0106, 0.0077, 0.0205, 0.0203, 0.0179,
         0.0142],
        [0.0987, 0.0336, 0.0272, 0.0170, 0.0118, 0.0356, 0.0372, 0.0116, 0.0083,
         0.7191]], device='cuda:0', grad_fn=<SoftmaxBackward>)
>> best accuracy: 86.22	best epoch: 40

>> final recovery rate: 91.42888888888889%
>> val epoch: 45
>> current accuracy: 85.36%
outputs: tensor([[0.0099, 0.0091, 0.0083, 0.0158, 0.8700, 0.0101, 0.0166, 0.0336, 0.0161,
         0.0104],
        [0.0208, 0.0161, 0.0151, 0.0266, 0.0306, 0.0059, 0.0200, 0.0117, 0.0079,
         0.8453],
        [0.0268, 0.0272, 0.0205, 0.0362, 0.0118, 0.0218, 0.0225, 0.0224, 0.7823,
         0.0285],
        [0.0211, 0.0189, 0.0116, 0.0370, 0.8325, 0.0117, 0.0138, 0.0064, 0.0088,
         0.0382],
        [0.0154, 0.0252, 0.0192, 0.3072, 0.0180, 0.0531, 0.0278, 0.4168, 0.0672,
         0.0502],
        [0.0143, 0.0147, 0.4235, 0.3352, 0.0266, 0.0281, 0.0307, 0.0521, 0.0584,
         0.0165],
        [0.0142, 0.0099, 0.0061, 0.0255, 0.8648, 0.0148, 0.0134, 0.0156, 0.0185,
         0.0171],
        [0.0184, 0.0129, 0.0286, 0.0094, 0.0269, 0.0088, 0.8519, 0.0097, 0.0158,
         0.0175],
        [0.0538, 0.0166, 0.1784, 0.0267, 0.0196, 0.1848, 0.0689, 0.4112, 0.0077,
         0.0323],
        [0.0122, 0.0179, 0.0149, 0.0102, 0.0151, 0.0402, 0.0203, 0.8453, 0.0069,
         0.0171],
        [0.0457, 0.0141, 0.0212, 0.0053, 0.0272, 0.0094, 0.0551, 0.0078, 0.0053,
         0.8089],
        [0.0218, 0.0083, 0.1867, 0.0183, 0.0093, 0.0158, 0.7022, 0.0095, 0.0150,
         0.0132],
        [0.0437, 0.0202, 0.0240, 0.7520, 0.0267, 0.0261, 0.0166, 0.0585, 0.0097,
         0.0225],
        [0.0336, 0.0457, 0.1006, 0.0622, 0.0164, 0.6351, 0.0413, 0.0159, 0.0356,
         0.0136],
        [0.0179, 0.0353, 0.4023, 0.4076, 0.0186, 0.0106, 0.0135, 0.0401, 0.0489,
         0.0052],
        [0.8275, 0.0228, 0.0116, 0.0246, 0.0232, 0.0238, 0.0159, 0.0128, 0.0258,
         0.0120],
        [0.0268, 0.0178, 0.0210, 0.0190, 0.0226, 0.0163, 0.0271, 0.0097, 0.0204,
         0.8194],
        [0.0181, 0.0228, 0.0197, 0.0142, 0.0135, 0.0213, 0.0206, 0.8464, 0.0058,
         0.0176],
        [0.0271, 0.0094, 0.0207, 0.0235, 0.0171, 0.0106, 0.0101, 0.0470, 0.7788,
         0.0557],
        [0.8740, 0.0162, 0.0109, 0.0155, 0.0097, 0.0168, 0.0153, 0.0207, 0.0080,
         0.0128],
        [0.0444, 0.0169, 0.0331, 0.0214, 0.0286, 0.0184, 0.0204, 0.0139, 0.0118,
         0.7910],
        [0.0478, 0.0141, 0.0203, 0.0146, 0.0269, 0.0117, 0.0303, 0.0090, 0.0110,
         0.8143],
        [0.0124, 0.0280, 0.0079, 0.0062, 0.0059, 0.8692, 0.0279, 0.0106, 0.0142,
         0.0176],
        [0.0093, 0.0046, 0.0103, 0.0441, 0.8689, 0.0215, 0.0126, 0.0059, 0.0094,
         0.0133],
        [0.0301, 0.0528, 0.6595, 0.0203, 0.0112, 0.0084, 0.0716, 0.0096, 0.0057,
         0.1307],
        [0.9460, 0.0062, 0.0068, 0.0090, 0.0037, 0.0096, 0.0037, 0.0037, 0.0072,
         0.0041],
        [0.0883, 0.0317, 0.0727, 0.1179, 0.0122, 0.5551, 0.0196, 0.0515, 0.0379,
         0.0132],
        [0.0274, 0.0143, 0.0198, 0.0339, 0.0187, 0.0320, 0.0248, 0.0340, 0.7628,
         0.0323],
        [0.0135, 0.0255, 0.0110, 0.0244, 0.0238, 0.8112, 0.0292, 0.0134, 0.0379,
         0.0100],
        [0.0150, 0.0198, 0.0201, 0.0123, 0.0154, 0.0200, 0.8411, 0.0248, 0.0235,
         0.0078],
        [0.0094, 0.0105, 0.0110, 0.0090, 0.0102, 0.0091, 0.9120, 0.0071, 0.0075,
         0.0142],
        [0.0210, 0.0257, 0.8361, 0.0218, 0.0129, 0.0190, 0.0296, 0.0111, 0.0127,
         0.0101],
        [0.0053, 0.1686, 0.0086, 0.0390, 0.0135, 0.0250, 0.6814, 0.0185, 0.0271,
         0.0131],
        [0.0211, 0.3738, 0.0065, 0.2470, 0.0414, 0.0150, 0.0066, 0.0176, 0.2634,
         0.0076],
        [0.0161, 0.0376, 0.0162, 0.0249, 0.0145, 0.0104, 0.8220, 0.0308, 0.0214,
         0.0061],
        [0.0122, 0.0326, 0.0165, 0.0128, 0.0160, 0.0124, 0.7555, 0.0304, 0.1070,
         0.0046],
        [0.0244, 0.0242, 0.0111, 0.0264, 0.2504, 0.5198, 0.0273, 0.0508, 0.0394,
         0.0260],
        [0.0407, 0.0113, 0.8715, 0.0092, 0.0079, 0.0130, 0.0167, 0.0033, 0.0054,
         0.0210],
        [0.0120, 0.0136, 0.0052, 0.0045, 0.0143, 0.9021, 0.0118, 0.0086, 0.0150,
         0.0129],
        [0.0153, 0.0247, 0.0326, 0.0139, 0.0158, 0.0158, 0.0183, 0.0128, 0.0229,
         0.8277],
        [0.0130, 0.0695, 0.1539, 0.0759, 0.0211, 0.0564, 0.2981, 0.0279, 0.0572,
         0.2271],
        [0.0234, 0.0251, 0.0405, 0.8054, 0.0296, 0.0084, 0.0153, 0.0240, 0.0154,
         0.0128],
        [0.0326, 0.0076, 0.0109, 0.0148, 0.8641, 0.0087, 0.0188, 0.0214, 0.0059,
         0.0152],
        [0.0202, 0.0296, 0.0103, 0.0183, 0.7644, 0.0067, 0.0139, 0.1075, 0.0131,
         0.0159],
        [0.0261, 0.0127, 0.8253, 0.0159, 0.0184, 0.0204, 0.0461, 0.0183, 0.0086,
         0.0082],
        [0.0162, 0.0201, 0.0206, 0.0253, 0.0238, 0.0197, 0.0191, 0.0116, 0.0179,
         0.8256],
        [0.0210, 0.0226, 0.0147, 0.0189, 0.0162, 0.8417, 0.0251, 0.0100, 0.0151,
         0.0147],
        [0.0213, 0.0183, 0.8572, 0.0104, 0.0148, 0.0203, 0.0224, 0.0134, 0.0125,
         0.0095],
        [0.0174, 0.8360, 0.0218, 0.0249, 0.0160, 0.0185, 0.0150, 0.0158, 0.0189,
         0.0157],
        [0.0311, 0.0175, 0.0425, 0.0242, 0.4749, 0.0541, 0.0166, 0.2855, 0.0136,
         0.0398],
        [0.0104, 0.0141, 0.0255, 0.8867, 0.0246, 0.0045, 0.0071, 0.0122, 0.0076,
         0.0073],
        [0.0135, 0.0126, 0.0073, 0.0132, 0.8703, 0.0230, 0.0209, 0.0123, 0.0154,
         0.0115],
        [0.0331, 0.0234, 0.0163, 0.0273, 0.0107, 0.7269, 0.0167, 0.0986, 0.0272,
         0.0198],
        [0.0212, 0.0188, 0.0232, 0.0222, 0.0183, 0.0314, 0.0363, 0.7876, 0.0177,
         0.0232],
        [0.6575, 0.0310, 0.0255, 0.0544, 0.0644, 0.0149, 0.0543, 0.0188, 0.0323,
         0.0469],
        [0.0268, 0.0190, 0.0228, 0.0277, 0.0252, 0.0365, 0.0271, 0.0176, 0.0241,
         0.7733],
        [0.0186, 0.0187, 0.0310, 0.0192, 0.0157, 0.0250, 0.0172, 0.0208, 0.8220,
         0.0117],
        [0.0245, 0.0180, 0.0295, 0.0191, 0.0104, 0.0151, 0.0152, 0.0246, 0.8284,
         0.0151],
        [0.0102, 0.0269, 0.0196, 0.0137, 0.0245, 0.0204, 0.0168, 0.0095, 0.8489,
         0.0096],
        [0.0318, 0.0271, 0.0128, 0.0104, 0.0121, 0.8581, 0.0157, 0.0069, 0.0158,
         0.0091],
        [0.0125, 0.0970, 0.0183, 0.0158, 0.0163, 0.0168, 0.0163, 0.0140, 0.0151,
         0.7778],
        [0.0084, 0.0107, 0.0057, 0.0101, 0.9013, 0.0096, 0.0131, 0.0219, 0.0081,
         0.0111],
        [0.0272, 0.0223, 0.0214, 0.0145, 0.0104, 0.0127, 0.0198, 0.0154, 0.8386,
         0.0179],
        [0.8429, 0.0112, 0.0130, 0.0243, 0.0132, 0.0195, 0.0284, 0.0094, 0.0125,
         0.0256],
        [0.0148, 0.8505, 0.0174, 0.0335, 0.0091, 0.0054, 0.0276, 0.0153, 0.0155,
         0.0109],
        [0.0253, 0.0566, 0.0282, 0.5891, 0.0147, 0.1007, 0.0882, 0.0635, 0.0190,
         0.0148],
        [0.0199, 0.0187, 0.0201, 0.0330, 0.0100, 0.0209, 0.0179, 0.0227, 0.8082,
         0.0286],
        [0.0048, 0.0106, 0.0226, 0.0131, 0.0274, 0.0126, 0.0096, 0.8832, 0.0038,
         0.0124],
        [0.0499, 0.0169, 0.0285, 0.0190, 0.0976, 0.0113, 0.7271, 0.0206, 0.0230,
         0.0060],
        [0.0212, 0.0310, 0.8300, 0.0148, 0.0176, 0.0213, 0.0274, 0.0120, 0.0140,
         0.0106],
        [0.0253, 0.0108, 0.0156, 0.0231, 0.0265, 0.0252, 0.0189, 0.0182, 0.8136,
         0.0227],
        [0.9367, 0.0062, 0.0067, 0.0072, 0.0110, 0.0069, 0.0085, 0.0050, 0.0076,
         0.0041]], device='cuda:0', grad_fn=<SoftmaxBackward>)
>> best accuracy: 86.22	best epoch: 40

>> final recovery rate: 91.69333333333334%
>> val epoch: 50
>> current accuracy: 86.16%
outputs: tensor([[0.0108, 0.0115, 0.0135, 0.8718, 0.0255, 0.0081, 0.0137, 0.0066, 0.0166,
         0.0219],
        [0.0165, 0.0394, 0.0132, 0.6516, 0.0237, 0.0756, 0.0601, 0.0567, 0.0328,
         0.0305],
        [0.7708, 0.0221, 0.0302, 0.0092, 0.0166, 0.0114, 0.0184, 0.0827, 0.0123,
         0.0265],
        [0.0336, 0.7766, 0.0487, 0.0254, 0.0271, 0.0115, 0.0102, 0.0116, 0.0328,
         0.0225],
        [0.0639, 0.0124, 0.0560, 0.1242, 0.0274, 0.6118, 0.0154, 0.0191, 0.0533,
         0.0165],
        [0.7682, 0.0223, 0.0595, 0.0099, 0.0228, 0.0132, 0.0221, 0.0213, 0.0353,
         0.0255],
        [0.0225, 0.0305, 0.7587, 0.0160, 0.0272, 0.0255, 0.0406, 0.0263, 0.0304,
         0.0223],
        [0.0042, 0.0078, 0.0110, 0.0164, 0.0152, 0.0360, 0.0160, 0.0125, 0.8622,
         0.0188],
        [0.0289, 0.0220, 0.0201, 0.0176, 0.0114, 0.0082, 0.0176, 0.0322, 0.8219,
         0.0201],
        [0.0167, 0.0203, 0.8407, 0.0134, 0.0161, 0.0117, 0.0317, 0.0180, 0.0180,
         0.0135],
        [0.0371, 0.0112, 0.0933, 0.1976, 0.0608, 0.4892, 0.0369, 0.0356, 0.0201,
         0.0183],
        [0.0108, 0.0122, 0.0157, 0.0090, 0.0102, 0.0203, 0.0187, 0.8627, 0.0183,
         0.0220],
        [0.0271, 0.0179, 0.0764, 0.0143, 0.0142, 0.0231, 0.0413, 0.0116, 0.0137,
         0.7605],
        [0.0334, 0.3911, 0.1526, 0.0646, 0.0287, 0.0120, 0.2333, 0.0092, 0.0599,
         0.0153],
        [0.0161, 0.0098, 0.0205, 0.0179, 0.0275, 0.0373, 0.0280, 0.0133, 0.0364,
         0.7932],
        [0.0129, 0.0190, 0.0123, 0.0119, 0.0244, 0.8230, 0.0304, 0.0120, 0.0360,
         0.0181],
        [0.0296, 0.0109, 0.0098, 0.8213, 0.0136, 0.0106, 0.0627, 0.0094, 0.0114,
         0.0207],
        [0.0339, 0.5310, 0.0340, 0.0297, 0.0152, 0.0228, 0.0214, 0.0242, 0.1336,
         0.1542],
        [0.2500, 0.0138, 0.0196, 0.0078, 0.0143, 0.0118, 0.0235, 0.0460, 0.5793,
         0.0338],
        [0.0084, 0.0445, 0.0126, 0.0135, 0.1167, 0.1549, 0.0239, 0.5545, 0.0116,
         0.0593],
        [0.0222, 0.0246, 0.0103, 0.8105, 0.0307, 0.0065, 0.0269, 0.0108, 0.0296,
         0.0281],
        [0.0434, 0.0159, 0.0954, 0.5908, 0.0156, 0.0141, 0.1068, 0.0368, 0.0339,
         0.0472],
        [0.0138, 0.0637, 0.0117, 0.0079, 0.0055, 0.0291, 0.0287, 0.8017, 0.0087,
         0.0291],
        [0.0496, 0.0164, 0.2296, 0.0445, 0.0551, 0.1223, 0.3355, 0.0371, 0.0101,
         0.0997],
        [0.0184, 0.0094, 0.0226, 0.0258, 0.0333, 0.0087, 0.0202, 0.7839, 0.0609,
         0.0169],
        [0.0125, 0.0403, 0.8260, 0.0199, 0.0266, 0.0103, 0.0166, 0.0097, 0.0183,
         0.0197],
        [0.0776, 0.0170, 0.0123, 0.0119, 0.0066, 0.0170, 0.0714, 0.7514, 0.0120,
         0.0227],
        [0.0333, 0.0209, 0.0255, 0.0377, 0.0217, 0.7744, 0.0211, 0.0373, 0.0141,
         0.0140],
        [0.0135, 0.0253, 0.0135, 0.0152, 0.0190, 0.1095, 0.0385, 0.7132, 0.0079,
         0.0444],
        [0.0261, 0.0271, 0.1679, 0.1376, 0.0320, 0.4526, 0.0650, 0.0359, 0.0297,
         0.0262],
        [0.0103, 0.0170, 0.0022, 0.0064, 0.8735, 0.0135, 0.0206, 0.0246, 0.0233,
         0.0086],
        [0.0063, 0.0367, 0.0416, 0.0147, 0.0060, 0.0162, 0.0058, 0.0179, 0.0108,
         0.8440],
        [0.0333, 0.0113, 0.0085, 0.8303, 0.0052, 0.0092, 0.0312, 0.0232, 0.0157,
         0.0322],
        [0.0075, 0.0102, 0.0226, 0.0080, 0.8878, 0.0153, 0.0057, 0.0093, 0.0085,
         0.0252],
        [0.0270, 0.0078, 0.0276, 0.0112, 0.8003, 0.0412, 0.0224, 0.0149, 0.0123,
         0.0353],
        [0.0127, 0.0170, 0.0199, 0.0171, 0.0125, 0.0149, 0.0183, 0.0123, 0.8646,
         0.0109],
        [0.0570, 0.0138, 0.0252, 0.0106, 0.0092, 0.8361, 0.0120, 0.0073, 0.0183,
         0.0105],
        [0.0140, 0.0203, 0.0195, 0.0102, 0.0182, 0.0087, 0.0425, 0.8321, 0.0090,
         0.0254],
        [0.0236, 0.0135, 0.1265, 0.7331, 0.0084, 0.0111, 0.0199, 0.0221, 0.0220,
         0.0198],
        [0.0154, 0.0181, 0.0086, 0.0108, 0.8482, 0.0089, 0.0243, 0.0083, 0.0157,
         0.0418],
        [0.0168, 0.0132, 0.0132, 0.8602, 0.0098, 0.0225, 0.0280, 0.0077, 0.0121,
         0.0164],
        [0.0072, 0.0100, 0.0043, 0.0113, 0.8929, 0.0098, 0.0099, 0.0218, 0.0103,
         0.0225],
        [0.0274, 0.8189, 0.0200, 0.0155, 0.0344, 0.0132, 0.0145, 0.0097, 0.0264,
         0.0200],
        [0.0226, 0.0105, 0.0329, 0.0551, 0.0274, 0.7637, 0.0171, 0.0177, 0.0445,
         0.0084],
        [0.1252, 0.0466, 0.0211, 0.0197, 0.0304, 0.0147, 0.0420, 0.1897, 0.0252,
         0.4854],
        [0.0348, 0.0448, 0.0199, 0.0038, 0.0238, 0.0050, 0.8153, 0.0186, 0.0098,
         0.0241],
        [0.0164, 0.0228, 0.0080, 0.0068, 0.0246, 0.8484, 0.0144, 0.0197, 0.0119,
         0.0270],
        [0.0212, 0.0148, 0.0243, 0.0133, 0.0170, 0.0128, 0.0197, 0.0133, 0.0131,
         0.8505],
        [0.8931, 0.0147, 0.0132, 0.0076, 0.0086, 0.0062, 0.0149, 0.0114, 0.0142,
         0.0163],
        [0.8430, 0.0131, 0.0108, 0.0057, 0.0112, 0.0086, 0.0211, 0.0153, 0.0590,
         0.0122],
        [0.0114, 0.0446, 0.0067, 0.0160, 0.0272, 0.0090, 0.8244, 0.0235, 0.0194,
         0.0177],
        [0.0226, 0.0174, 0.0186, 0.0092, 0.0089, 0.8732, 0.0088, 0.0125, 0.0152,
         0.0137],
        [0.0198, 0.0247, 0.0131, 0.0142, 0.8017, 0.0092, 0.0248, 0.0303, 0.0301,
         0.0320],
        [0.0268, 0.0238, 0.0103, 0.0088, 0.8243, 0.0076, 0.0378, 0.0177, 0.0160,
         0.0270],
        [0.0165, 0.7907, 0.0164, 0.0333, 0.0275, 0.0190, 0.0230, 0.0128, 0.0424,
         0.0185],
        [0.0338, 0.0422, 0.7876, 0.0126, 0.0148, 0.0108, 0.0381, 0.0064, 0.0340,
         0.0198],
        [0.0236, 0.0152, 0.0111, 0.0070, 0.0250, 0.0097, 0.8438, 0.0138, 0.0131,
         0.0377],
        [0.0108, 0.0319, 0.0172, 0.0067, 0.0087, 0.0211, 0.0254, 0.8392, 0.0127,
         0.0262],
        [0.8299, 0.0189, 0.0126, 0.0095, 0.0093, 0.0150, 0.0251, 0.0314, 0.0153,
         0.0330],
        [0.0009, 0.0057, 0.0043, 0.0077, 0.0123, 0.0111, 0.0165, 0.0034, 0.9250,
         0.0131],
        [0.0165, 0.0224, 0.8116, 0.0114, 0.0189, 0.0159, 0.0114, 0.0502, 0.0113,
         0.0305],
        [0.0166, 0.0109, 0.0098, 0.0189, 0.0121, 0.8642, 0.0102, 0.0074, 0.0282,
         0.0215],
        [0.0185, 0.0147, 0.0101, 0.0155, 0.0103, 0.7629, 0.0707, 0.0494, 0.0217,
         0.0263],
        [0.0340, 0.7516, 0.0373, 0.0212, 0.0392, 0.0186, 0.0232, 0.0194, 0.0313,
         0.0240],
        [0.0212, 0.0154, 0.0239, 0.7465, 0.0269, 0.0329, 0.0184, 0.0192, 0.0383,
         0.0572],
        [0.0296, 0.0065, 0.0156, 0.8937, 0.0123, 0.0060, 0.0085, 0.0083, 0.0064,
         0.0131],
        [0.8932, 0.0041, 0.0059, 0.0080, 0.0113, 0.0044, 0.0188, 0.0227, 0.0144,
         0.0173],
        [0.0273, 0.0329, 0.8199, 0.0157, 0.0209, 0.0050, 0.0167, 0.0216, 0.0204,
         0.0197],
        [0.0198, 0.7841, 0.0407, 0.0193, 0.0445, 0.0132, 0.0182, 0.0102, 0.0228,
         0.0271],
        [0.0214, 0.0245, 0.0191, 0.0070, 0.0190, 0.0279, 0.0256, 0.0112, 0.0092,
         0.8350],
        [0.0026, 0.0113, 0.0100, 0.0126, 0.0138, 0.0246, 0.0113, 0.0073, 0.8947,
         0.0117],
        [0.0342, 0.0164, 0.0169, 0.7817, 0.0137, 0.0454, 0.0197, 0.0081, 0.0225,
         0.0414]], device='cuda:0', grad_fn=<SoftmaxBackward>)
>> best accuracy: 86.22	best epoch: 40

>> final recovery rate: 91.79777777777778%
