noise type: uniform
noise level: 0
when_to_apply_epoch: 0
total clean data num: 54000
probability transition matrix:
[[1. 0. 0. 0. 0. 0. 0. 0. 0. 0.]
 [0. 1. 0. 0. 0. 0. 0. 0. 0. 0.]
 [0. 0. 1. 0. 0. 0. 0. 0. 0. 0.]
 [0. 0. 0. 1. 0. 0. 0. 0. 0. 0.]
 [0. 0. 0. 0. 1. 0. 0. 0. 0. 0.]
 [0. 0. 0. 0. 0. 1. 0. 0. 0. 0.]
 [0. 0. 0. 0. 0. 0. 1. 0. 0. 0.]
 [0. 0. 0. 0. 0. 0. 0. 1. 0. 0.]
 [0. 0. 0. 0. 0. 0. 0. 0. 1. 0.]
 [0. 0. 0. 0. 0. 0. 0. 0. 0. 1.]]
>> val epoch: 0
>> current accuracy: 98.83333333333333%
outputs: tensor([[1.0003e-06, 9.9989e-01, 1.5045e-05, 3.2971e-06, 1.0432e-06, 2.1435e-06,
         1.3963e-05, 7.1829e-05, 2.4817e-06, 2.1115e-06],
        [3.5907e-04, 7.1642e-04, 9.9646e-01, 4.1997e-04, 1.4470e-04, 8.1281e-05,
         9.1608e-04, 2.9602e-04, 4.4444e-04, 1.5862e-04],
        [9.7207e-01, 3.1451e-04, 3.7163e-03, 2.4237e-04, 1.3296e-04, 1.8118e-02,
         1.0861e-03, 1.7816e-03, 1.4208e-03, 1.1213e-03],
        [2.4451e-04, 3.5135e-06, 1.9684e-06, 2.4895e-06, 2.3187e-06, 6.7531e-03,
         9.9295e-01, 9.5149e-07, 1.8495e-05, 1.9803e-05],
        [3.5211e-07, 4.6466e-07, 6.2594e-06, 9.9997e-01, 1.9309e-08, 4.9995e-06,
         8.2006e-08, 1.4613e-06, 1.0365e-05, 4.4185e-06],
        [6.9096e-06, 1.1576e-04, 1.2559e-05, 3.1993e-06, 9.9916e-01, 4.4061e-06,
         6.5841e-06, 1.4758e-04, 5.0711e-06, 5.3459e-04],
        [3.1885e-06, 8.9157e-08, 2.8657e-07, 1.4269e-05, 1.3961e-07, 9.9994e-01,
         1.6469e-05, 1.2178e-06, 8.3352e-06, 1.7425e-05],
        [7.2951e-07, 9.9993e-01, 1.0610e-05, 2.2113e-06, 1.1126e-06, 2.4518e-06,
         3.0003e-05, 2.0212e-05, 1.8446e-06, 1.0669e-06],
        [1.1462e-06, 9.9992e-01, 1.3810e-05, 6.0189e-06, 1.7127e-06, 4.0516e-06,
         1.8932e-05, 3.2171e-05, 3.2117e-06, 1.7757e-06],
        [3.5700e-05, 2.6456e-05, 1.7618e-05, 2.7726e-05, 1.3731e-06, 8.3452e-05,
         2.6041e-04, 2.7483e-06, 9.9927e-01, 2.7760e-04],
        [1.0771e-05, 6.4773e-05, 2.9439e-04, 5.6625e-05, 4.7868e-05, 2.7613e-05,
         1.5755e-06, 9.9710e-01, 6.9063e-06, 2.3933e-03],
        [9.9995e-01, 9.0537e-07, 2.2928e-05, 1.7807e-07, 2.6522e-07, 1.4670e-06,
         1.7402e-05, 6.3952e-07, 3.0017e-06, 3.0433e-06],
        [7.1975e-06, 3.8764e-08, 1.8532e-07, 1.7251e-08, 9.2652e-08, 3.2428e-06,
         9.9999e-01, 4.7482e-09, 9.4258e-08, 4.6500e-07],
        [9.0317e-05, 7.5859e-07, 2.9212e-06, 2.5352e-06, 1.1075e-04, 5.3025e-06,
         3.3847e-06, 3.4252e-06, 3.1044e-05, 9.9975e-01],
        [3.8141e-05, 2.2017e-03, 6.6830e-04, 1.9459e-04, 9.7284e-01, 7.2815e-05,
         5.5010e-05, 2.2693e-02, 1.8922e-04, 1.0449e-03],
        [3.8547e-04, 1.2353e-05, 1.6273e-04, 1.3371e-03, 1.3778e-06, 6.6789e-05,
         6.5915e-05, 1.5389e-05, 9.9778e-01, 1.7631e-04],
        [1.2896e-07, 9.9998e-01, 3.5334e-06, 1.3321e-06, 2.7858e-07, 5.3042e-07,
         3.0327e-06, 5.3450e-06, 6.9360e-07, 2.4767e-07],
        [2.2300e-06, 1.3675e-07, 4.7921e-07, 2.1972e-06, 1.1346e-08, 3.8791e-07,
         2.2370e-06, 6.0155e-08, 9.9999e-01, 4.8620e-06],
        [1.5909e-07, 9.9998e-01, 6.1698e-06, 1.1198e-06, 3.4975e-07, 4.6440e-07,
         3.5995e-06, 9.5351e-06, 9.1922e-07, 3.6143e-07],
        [1.0132e-04, 3.9957e-05, 9.9870e-01, 6.7269e-05, 2.1179e-05, 5.7682e-05,
         6.1519e-05, 6.6804e-04, 8.3921e-05, 1.9636e-04],
        [4.2801e-06, 5.8118e-06, 9.9713e-01, 3.2914e-05, 8.6913e-07, 4.0053e-06,
         8.5343e-07, 2.8170e-03, 7.0216e-06, 6.9194e-07],
        [4.0290e-06, 3.3780e-06, 9.9987e-01, 2.3528e-05, 2.5851e-07, 1.5128e-06,
         2.9294e-06, 8.3420e-05, 1.3254e-05, 1.0071e-06],
        [7.8185e-06, 8.0848e-05, 1.8557e-05, 4.2683e-06, 9.9902e-01, 9.5573e-06,
         2.4638e-05, 1.4710e-04, 1.0058e-05, 6.7680e-04],
        [8.2197e-03, 8.5586e-04, 1.4449e-04, 3.1743e-05, 3.0479e-03, 3.6519e-04,
         9.8626e-01, 3.3433e-05, 4.5944e-04, 5.8661e-04],
        [9.9999e-01, 7.2891e-08, 4.3801e-06, 7.2641e-08, 6.0280e-08, 3.1633e-07,
         4.6168e-06, 1.6506e-07, 1.7580e-06, 2.3263e-06],
        [9.8414e-06, 2.2749e-04, 8.6587e-05, 9.8508e-06, 9.9862e-01, 1.6070e-05,
         1.6550e-05, 6.0913e-04, 2.0854e-05, 3.8304e-04],
        [2.2162e-06, 1.6430e-06, 5.3922e-05, 9.9986e-01, 9.7264e-08, 2.1947e-05,
         5.8678e-07, 1.5767e-05, 2.3196e-05, 1.8626e-05],
        [2.1340e-05, 9.9820e-06, 1.9956e-04, 4.9117e-05, 2.2825e-06, 1.2366e-05,
         7.8042e-07, 9.9943e-01, 4.5606e-06, 2.7386e-04],
        [2.3215e-06, 5.0556e-05, 6.3148e-06, 8.4434e-07, 9.9969e-01, 1.9368e-06,
         4.2583e-06, 9.6574e-05, 3.9735e-06, 1.3884e-04],
        [9.9996e-01, 3.6575e-07, 2.5299e-05, 1.1327e-06, 1.8935e-07, 2.0766e-06,
         3.2636e-06, 1.9709e-06, 4.1841e-06, 2.7207e-06],
        [9.9962e-01, 2.0917e-06, 2.1376e-05, 4.2872e-07, 8.1140e-07, 1.3882e-05,
         2.9484e-04, 8.1298e-07, 3.7354e-05, 1.2247e-05],
        [1.0057e-04, 1.4676e-04, 1.3043e-05, 1.0727e-04, 1.5926e-05, 3.6033e-03,
         1.5467e-03, 1.4825e-05, 9.9426e-01, 1.8744e-04],
        [5.1826e-06, 3.4176e-07, 3.1344e-06, 1.2408e-04, 6.4695e-07, 9.9976e-01,
         7.2760e-06, 9.8620e-06, 1.2537e-05, 7.5570e-05],
        [7.1895e-05, 3.7458e-06, 1.6910e-05, 1.6321e-04, 6.8556e-07, 9.9943e-01,
         6.7495e-05, 1.4851e-05, 1.5986e-04, 7.2786e-05],
        [5.1381e-06, 2.1576e-07, 1.7053e-06, 9.9736e-07, 1.3380e-04, 2.6971e-06,
         2.0911e-07, 1.6941e-05, 2.5042e-06, 9.9984e-01],
        [9.9816e-01, 7.5958e-05, 1.0380e-03, 7.3750e-05, 2.2700e-05, 1.4957e-04,
         5.5757e-05, 1.5834e-04, 1.6647e-04, 9.9010e-05],
        [1.9135e-07, 3.0461e-07, 1.5784e-06, 8.1438e-07, 2.0720e-07, 2.7990e-07,
         9.6537e-09, 9.9999e-01, 6.4754e-08, 8.0010e-06],
        [1.8015e-04, 2.3140e-05, 5.4061e-06, 6.0869e-06, 1.3284e-05, 9.6934e-04,
         9.9872e-01, 1.2576e-06, 5.3322e-05, 2.7810e-05],
        [2.8489e-05, 1.9545e-05, 4.1615e-06, 1.4735e-06, 5.6479e-06, 2.6810e-04,
         9.9957e-01, 8.1672e-07, 8.1756e-05, 2.1200e-05],
        [3.9539e-06, 3.5504e-05, 3.1661e-06, 1.2806e-06, 9.9946e-01, 1.9763e-06,
         4.1858e-06, 6.6688e-05, 3.6874e-06, 4.2381e-04],
        [2.4881e-07, 1.3875e-07, 5.4221e-06, 9.9995e-01, 4.5262e-09, 2.6442e-05,
         5.7601e-08, 9.3026e-06, 2.6143e-06, 1.0570e-06],
        [9.9172e-06, 3.5933e-05, 1.9142e-04, 9.9806e-01, 4.3531e-07, 2.0080e-04,
         4.6262e-06, 5.8086e-05, 1.4030e-03, 3.5408e-05],
        [5.5951e-05, 4.3985e-07, 1.1812e-06, 2.3796e-04, 2.3657e-07, 9.9959e-01,
         4.7324e-05, 4.3945e-06, 3.9483e-05, 1.8596e-05],
        [4.1523e-05, 7.3575e-04, 4.4507e-05, 1.3357e-05, 9.8620e-01, 3.2014e-05,
         9.4123e-05, 5.5256e-04, 3.0859e-05, 1.2259e-02],
        [3.8441e-06, 1.7953e-06, 3.4799e-07, 3.5519e-06, 2.1453e-07, 3.1215e-06,
         3.6341e-05, 1.8657e-07, 9.9991e-01, 3.6513e-05],
        [8.2930e-08, 1.4488e-07, 4.6351e-07, 1.0799e-06, 2.9840e-08, 1.3927e-07,
         4.8753e-09, 9.9999e-01, 6.3737e-08, 3.2468e-06],
        [6.6800e-04, 5.0307e-03, 5.8613e-04, 1.0563e-03, 4.4333e-03, 8.6712e-04,
         1.6731e-03, 6.6124e-04, 9.4412e-01, 4.0904e-02],
        [4.4137e-06, 4.9455e-06, 4.5214e-05, 9.9963e-01, 7.6708e-08, 4.2235e-05,
         9.7014e-07, 4.5553e-05, 2.2070e-04, 5.8986e-06]],
       device='cuda:0', grad_fn=<SoftmaxBackward>)
>> best accuracy: 98.83333333333333	best epoch: 0

>> final recovery rate: 100.0%
