noise type: uniform
noise level: 0
when_to_apply_epoch: 25
total clean data num: 54000
probability transition matrix:
[[1. 0. 0. 0. 0. 0. 0. 0. 0. 0.]
 [0. 1. 0. 0. 0. 0. 0. 0. 0. 0.]
 [0. 0. 1. 0. 0. 0. 0. 0. 0. 0.]
 [0. 0. 0. 1. 0. 0. 0. 0. 0. 0.]
 [0. 0. 0. 0. 1. 0. 0. 0. 0. 0.]
 [0. 0. 0. 0. 0. 1. 0. 0. 0. 0.]
 [0. 0. 0. 0. 0. 0. 1. 0. 0. 0.]
 [0. 0. 0. 0. 0. 0. 0. 1. 0. 0.]
 [0. 0. 0. 0. 0. 0. 0. 0. 1. 0.]
 [0. 0. 0. 0. 0. 0. 0. 0. 0. 1.]]
>> val epoch: 0
>> current accuracy: 98.93333333333332%
outputs: tensor([[2.3974e-06, 1.1254e-06, 5.4958e-06, 1.2095e-04, 3.6021e-06, 9.9924e-01,
         5.8139e-05, 4.7885e-06, 3.3751e-05, 5.2528e-04],
        [8.6963e-01, 3.6012e-04, 1.0216e-03, 8.2803e-04, 3.3752e-04, 8.2679e-03,
         1.1696e-01, 1.9265e-04, 1.8416e-03, 5.6296e-04],
        [1.9763e-05, 2.7725e-06, 9.9982e-01, 1.1727e-04, 2.8873e-06, 1.2401e-06,
         4.3099e-06, 2.9549e-05, 1.5834e-06, 1.5315e-06],
        [9.9912e-01, 1.3550e-05, 1.4985e-05, 6.0156e-05, 1.3131e-05, 3.3950e-04,
         1.5825e-04, 1.3967e-05, 4.6270e-05, 2.1948e-04],
        [9.9726e-01, 1.2044e-05, 3.5441e-05, 1.0195e-05, 9.6352e-04, 9.8382e-06,
         2.0169e-04, 3.3007e-05, 2.7616e-05, 1.4490e-03],
        [1.4328e-06, 9.9995e-01, 2.1739e-06, 2.7436e-07, 3.7873e-05, 5.1778e-07,
         5.3970e-06, 1.2541e-06, 1.4043e-06, 5.4209e-07],
        [1.2111e-05, 4.7560e-07, 1.3746e-05, 2.5697e-04, 4.5273e-07, 4.5549e-06,
         5.2608e-06, 1.5438e-07, 9.9970e-01, 8.2773e-06],
        [2.9719e-06, 4.8910e-05, 6.4060e-05, 2.0051e-05, 2.3788e-05, 1.1941e-05,
         5.7136e-07, 9.9963e-01, 2.1259e-06, 1.9913e-04],
        [1.3058e-05, 2.0979e-06, 9.9984e-01, 1.0383e-04, 3.8061e-06, 7.4389e-07,
         1.4461e-05, 1.5925e-05, 1.8969e-06, 1.1141e-06],
        [2.6504e-06, 2.8052e-05, 1.0439e-05, 4.7540e-06, 1.7532e-05, 1.6440e-05,
         2.9305e-07, 9.9983e-01, 1.9416e-06, 9.2450e-05],
        [5.9072e-06, 2.2199e-07, 4.3631e-06, 1.6316e-05, 4.8556e-05, 2.3659e-05,
         7.1260e-07, 8.8349e-05, 7.3797e-05, 9.9974e-01],
        [7.8583e-07, 4.1229e-06, 8.8460e-07, 1.0274e-06, 9.9988e-01, 1.6862e-06,
         2.7812e-06, 1.3869e-05, 2.3186e-05, 6.9357e-05],
        [5.4975e-07, 9.9999e-01, 1.6711e-06, 8.0416e-08, 6.2590e-06, 2.6333e-07,
         2.7469e-06, 4.7138e-07, 4.8758e-07, 8.9811e-08],
        [4.0581e-07, 1.8125e-06, 6.1789e-07, 5.8252e-07, 9.9981e-01, 1.1408e-06,
         1.0507e-06, 9.1110e-06, 6.1447e-06, 1.6859e-04],
        [3.0535e-04, 2.7369e-05, 5.7330e-05, 8.8427e-06, 3.4541e-05, 6.3285e-04,
         9.9870e-01, 1.0889e-06, 2.0929e-04, 2.4876e-05],
        [1.4301e-06, 2.0486e-07, 6.0357e-06, 6.7060e-08, 1.1676e-06, 5.8209e-06,
         9.9998e-01, 5.6839e-09, 1.5034e-06, 2.0876e-07],
        [4.9320e-04, 4.7019e-03, 4.9230e-04, 1.7531e-02, 3.3956e-03, 9.3078e-01,
         2.3351e-02, 2.7284e-04, 1.6257e-02, 2.7216e-03],
        [1.5959e-06, 1.0706e-05, 1.3332e-05, 1.1724e-06, 9.9990e-01, 1.5392e-06,
         7.0638e-06, 2.6144e-05, 1.1658e-05, 2.9533e-05],
        [4.5071e-06, 2.1571e-04, 8.1412e-04, 8.3361e-01, 1.2537e-04, 3.1317e-04,
         2.7103e-06, 1.6372e-01, 2.5780e-05, 1.1699e-03],
        [9.9976e-01, 1.1091e-06, 5.2169e-06, 2.5981e-06, 4.2213e-06, 6.9011e-06,
         9.8887e-05, 2.1592e-06, 1.2043e-05, 1.0492e-04],
        [9.9948e-01, 3.2431e-06, 6.2956e-06, 6.3124e-06, 3.8511e-05, 6.8598e-06,
         1.4937e-05, 7.1929e-06, 1.2197e-05, 4.2051e-04],
        [3.1972e-06, 1.6019e-07, 4.6781e-06, 9.4302e-06, 5.9718e-05, 1.0508e-05,
         5.1421e-07, 7.8040e-05, 4.4183e-05, 9.9979e-01],
        [9.9944e-01, 1.6342e-05, 2.8246e-05, 1.4573e-05, 2.4464e-05, 2.7545e-05,
         1.6426e-04, 5.3434e-06, 7.3965e-05, 2.0549e-04],
        [7.7026e-06, 2.1365e-04, 8.6902e-05, 1.5118e-05, 5.7381e-05, 9.9764e-06,
         8.7353e-07, 9.9948e-01, 4.8902e-06, 1.2478e-04],
        [1.6788e-04, 8.8318e-06, 7.1501e-05, 9.9007e-05, 4.7965e-06, 8.5147e-05,
         3.7370e-05, 1.2508e-06, 9.9947e-01, 5.4757e-05],
        [5.4545e-04, 1.0230e-03, 5.9748e-02, 1.1470e-03, 7.4971e-04, 2.1070e-04,
         2.9138e-05, 9.3511e-01, 1.5918e-04, 1.2817e-03],
        [7.0774e-06, 1.1828e-06, 2.4407e-05, 4.7941e-05, 9.8885e-05, 5.0905e-05,
         1.9109e-06, 5.5044e-04, 1.5848e-04, 9.9906e-01],
        [6.6420e-05, 1.6446e-05, 3.0274e-04, 7.2364e-04, 5.9362e-06, 1.8809e-04,
         8.9312e-05, 4.2150e-06, 9.9852e-01, 8.2798e-05],
        [1.6318e-05, 1.1060e-06, 1.1328e-05, 2.2422e-05, 1.9182e-04, 1.9797e-05,
         2.9981e-06, 1.3538e-04, 2.4659e-04, 9.9935e-01],
        [2.9957e-06, 2.5867e-07, 9.5602e-07, 2.1834e-05, 1.8951e-07, 2.5510e-06,
         1.5286e-05, 1.3602e-08, 9.9995e-01, 1.0161e-06],
        [1.0782e-05, 1.6094e-06, 9.1240e-06, 1.7961e-05, 3.2481e-04, 1.9897e-05,
         1.6856e-06, 4.2668e-04, 1.6530e-04, 9.9902e-01],
        [2.8527e-06, 1.5042e-05, 5.0048e-05, 1.5751e-05, 2.0124e-05, 3.4482e-05,
         5.0825e-07, 9.9954e-01, 2.0808e-06, 3.1538e-04],
        [3.1949e-06, 9.9996e-01, 8.5242e-06, 5.6234e-07, 1.4899e-05, 1.0540e-06,
         5.9089e-06, 1.3405e-06, 2.5421e-06, 3.9632e-07],
        [9.5172e-05, 1.9953e-04, 9.9614e-01, 2.9412e-03, 3.1330e-05, 1.9665e-05,
         5.3367e-05, 2.8461e-04, 2.1746e-04, 1.9079e-05],
        [3.2126e-05, 5.8286e-07, 4.9426e-06, 4.2378e-05, 8.1177e-07, 1.5963e-05,
         1.5873e-05, 1.4632e-07, 9.9987e-01, 1.7373e-05],
        [1.4454e-06, 9.9998e-01, 5.0987e-06, 2.2121e-07, 1.1923e-05, 4.0513e-07,
         3.1440e-06, 8.5374e-07, 1.0777e-06, 2.3189e-07],
        [1.7810e-08, 1.0781e-06, 1.0753e-05, 9.9997e-01, 3.0718e-07, 6.0632e-06,
         4.0918e-08, 1.0548e-05, 9.8987e-07, 8.5536e-07],
        [1.2343e-06, 5.2571e-05, 4.3368e-06, 2.4066e-06, 9.9978e-01, 2.5484e-06,
         8.7091e-06, 1.1893e-05, 1.5886e-05, 1.2073e-04],
        [1.5730e-08, 5.4671e-07, 4.5780e-06, 9.9999e-01, 3.3935e-08, 6.7822e-06,
         3.5277e-08, 1.2415e-06, 1.4104e-06, 1.9331e-07],
        [2.6217e-05, 6.1244e-05, 9.8405e-01, 3.4949e-03, 1.7635e-05, 2.0642e-05,
         1.1346e-05, 1.2247e-02, 2.9220e-05, 4.1035e-05],
        [9.9994e-01, 6.0523e-07, 7.8927e-06, 1.7986e-06, 1.2596e-06, 9.5452e-07,
         1.8692e-06, 1.4139e-06, 3.1078e-06, 3.9254e-05],
        [8.0006e-01, 3.8299e-04, 1.7843e-03, 2.8197e-03, 9.1166e-04, 1.3305e-01,
         8.4172e-03, 6.9131e-03, 1.7846e-03, 4.3878e-02],
        [2.8752e-06, 1.1600e-06, 1.9528e-06, 1.5954e-04, 2.6769e-06, 9.9955e-01,
         1.1908e-05, 4.2197e-06, 3.4313e-05, 2.3408e-04],
        [1.5135e-07, 1.1151e-05, 7.9655e-05, 9.9982e-01, 5.4915e-06, 3.1537e-05,
         7.3408e-07, 2.5755e-05, 1.8277e-05, 5.6188e-06],
        [9.9870e-01, 5.6211e-06, 1.0749e-05, 7.3979e-06, 1.5169e-04, 1.6276e-05,
         7.1090e-05, 6.7040e-06, 2.3132e-05, 1.0116e-03],
        [4.0558e-06, 1.0461e-06, 1.2540e-06, 6.9621e-05, 6.3199e-07, 9.9978e-01,
         5.7439e-05, 9.4668e-07, 5.0117e-05, 3.5731e-05],
        [3.2129e-05, 8.8270e-06, 8.8462e-05, 6.7683e-07, 9.3000e-05, 3.2456e-05,
         9.9973e-01, 4.1595e-07, 7.6609e-06, 3.5871e-06],
        [4.8482e-05, 5.2103e-06, 8.4506e-06, 1.0485e-04, 2.3365e-06, 2.2550e-05,
         5.0070e-05, 4.0541e-07, 9.9975e-01, 1.0905e-05]],
       device='cuda:0', grad_fn=<SoftmaxBackward>)
>> best accuracy: 98.93333333333332	best epoch: 0

>> final recovery rate: 100.0%
>> val epoch: 5
>> current accuracy: 99.28333333333333%
outputs: tensor([[5.8060e-04, 4.4678e-03, 4.8389e-04, 7.9081e-04, 7.6639e-01, 8.8429e-04,
         4.6741e-04, 8.6770e-03, 2.1611e-03, 2.1509e-01],
        [6.2637e-06, 9.2416e-07, 9.9996e-01, 8.1286e-07, 4.8561e-07, 4.5947e-07,
         2.4777e-05, 8.5509e-07, 1.2164e-06, 3.3147e-07],
        [6.1456e-06, 8.6742e-07, 2.1111e-06, 2.0016e-06, 1.0278e-02, 2.6393e-06,
         6.7871e-06, 3.0552e-06, 7.0106e-05, 9.8963e-01],
        [1.2425e-04, 9.9951e-01, 2.4387e-05, 6.2783e-06, 4.3574e-05, 5.9436e-06,
         3.5179e-05, 1.3436e-04, 1.0693e-04, 7.2706e-06],
        [2.9423e-06, 9.4323e-07, 1.0064e-06, 2.8803e-07, 9.9990e-01, 1.4333e-06,
         1.0812e-05, 4.3478e-06, 7.5449e-06, 6.6948e-05],
        [1.6140e-07, 1.1933e-08, 1.8251e-08, 1.1429e-06, 3.8287e-08, 9.9999e-01,
         4.1101e-06, 5.7769e-08, 8.3236e-07, 1.5060e-06],
        [3.2432e-05, 9.9963e-01, 1.2147e-05, 3.8159e-06, 6.1921e-05, 4.1307e-06,
         4.3812e-05, 1.6248e-04, 3.5932e-05, 8.9282e-06],
        [6.5013e-08, 1.8676e-09, 9.4090e-09, 3.5263e-07, 1.2684e-08, 9.9999e-01,
         2.1725e-06, 2.6352e-08, 2.2323e-07, 3.6349e-06],
        [8.1021e-07, 2.9041e-06, 2.2300e-05, 9.9954e-01, 3.2859e-06, 2.7274e-04,
         1.3189e-06, 2.0502e-05, 2.8089e-05, 1.0704e-04],
        [4.3501e-06, 4.5261e-06, 2.1328e-05, 4.8435e-06, 9.5508e-06, 2.1647e-05,
         6.5411e-07, 9.9977e-01, 2.3400e-06, 1.6119e-04],
        [8.5071e-05, 9.9927e-01, 2.5782e-05, 1.4611e-05, 1.6316e-04, 1.4388e-05,
         9.3073e-05, 2.0977e-04, 1.0671e-04, 1.5347e-05],
        [6.6492e-05, 9.9955e-01, 1.4598e-05, 3.1579e-06, 5.3190e-05, 5.3082e-06,
         4.5821e-05, 1.9255e-04, 5.7913e-05, 6.2687e-06],
        [1.6505e-08, 2.9636e-08, 1.0637e-06, 9.9999e-01, 2.8070e-08, 5.7232e-06,
         5.1194e-08, 1.0698e-07, 6.6677e-07, 2.2267e-07],
        [1.5336e-07, 1.0334e-08, 2.0620e-07, 1.1151e-07, 7.9213e-05, 1.7205e-07,
         1.6183e-07, 4.9287e-07, 3.3448e-06, 9.9992e-01],
        [2.5626e-07, 5.9818e-07, 5.4155e-06, 9.9997e-01, 1.9089e-07, 1.3842e-05,
         2.7727e-07, 1.6297e-06, 4.1111e-06, 3.6888e-06],
        [1.8091e-04, 9.6910e-01, 1.3856e-03, 3.6766e-03, 2.4364e-04, 6.0211e-04,
         8.8633e-05, 2.3974e-02, 1.9840e-04, 5.5415e-04],
        [4.6778e-03, 6.3591e-01, 2.2924e-03, 1.2562e-03, 6.9471e-03, 4.7878e-04,
         6.2552e-04, 3.2662e-01, 1.1283e-02, 9.9065e-03],
        [9.9902e-01, 8.6207e-06, 3.0996e-06, 7.3206e-07, 8.7130e-04, 8.4119e-07,
         3.2631e-05, 6.0098e-07, 4.8669e-05, 1.3797e-05],
        [2.5884e-07, 3.6562e-09, 9.1934e-08, 2.9288e-09, 9.0332e-08, 5.7475e-07,
         1.0000e+00, 2.9317e-10, 2.2766e-07, 2.2963e-08],
        [3.4198e-06, 1.0815e-07, 1.0493e-07, 4.4616e-08, 1.2111e-06, 1.5903e-06,
         9.9999e-01, 7.8794e-09, 1.1109e-06, 1.6103e-07],
        [1.5007e-05, 2.5386e-06, 1.9729e-05, 2.0444e-05, 2.3051e-06, 6.4790e-05,
         2.2431e-05, 5.0820e-07, 9.9985e-01, 6.8883e-06],
        [5.1991e-06, 3.0517e-05, 2.8621e-05, 4.9688e-06, 6.7813e-05, 6.9245e-06,
         1.6044e-06, 9.9973e-01, 4.7772e-06, 1.2285e-04],
        [3.1914e-02, 1.7231e-05, 1.7362e-04, 2.5812e-04, 1.0341e-04, 8.6974e-05,
         1.5531e-03, 4.0714e-06, 9.6501e-01, 8.7424e-04],
        [3.6503e-05, 9.9929e-01, 1.8090e-05, 1.5181e-05, 5.3489e-05, 7.9443e-06,
         1.7808e-05, 4.8883e-04, 5.8288e-05, 1.8451e-05],
        [1.5794e-04, 9.9948e-01, 1.8061e-05, 5.9013e-06, 6.1347e-05, 6.9785e-06,
         4.9277e-05, 1.1294e-04, 1.0310e-04, 6.5815e-06],
        [3.0787e-05, 5.0210e-05, 3.9997e-04, 4.6975e-05, 4.3663e-05, 3.1142e-05,
         3.3283e-06, 9.9885e-01, 2.5399e-05, 5.1869e-04],
        [8.5704e-07, 4.3456e-08, 5.7252e-08, 1.1806e-08, 2.0151e-07, 1.4304e-06,
         1.0000e+00, 1.6341e-09, 1.2715e-07, 9.7947e-09],
        [5.2599e-07, 7.5319e-08, 1.0000e+00, 7.1937e-07, 1.0138e-08, 2.2425e-07,
         8.7804e-07, 3.0718e-07, 1.2465e-06, 3.8236e-08],
        [9.9999e-01, 1.3871e-07, 2.0274e-06, 6.3051e-08, 6.7986e-07, 1.1954e-07,
         8.7856e-07, 7.4619e-08, 1.8546e-06, 2.0958e-06],
        [1.0000e+00, 2.8480e-08, 4.1757e-07, 4.7510e-08, 1.5145e-07, 2.5393e-08,
         1.3142e-06, 2.3026e-08, 3.5374e-07, 7.3449e-07],
        [1.3513e-07, 3.5126e-07, 3.0809e-06, 9.9983e-01, 2.4313e-07, 9.8283e-05,
         1.3261e-06, 7.7096e-07, 6.7673e-05, 1.3922e-06],
        [7.1515e-07, 1.4118e-08, 7.2785e-08, 1.5463e-06, 3.1349e-08, 9.9998e-01,
         8.2017e-06, 8.4848e-08, 2.6918e-06, 6.1252e-06],
        [7.5135e-07, 1.5765e-08, 1.1951e-06, 5.2119e-07, 3.8999e-05, 1.4464e-07,
         2.7345e-07, 5.4180e-07, 1.1513e-05, 9.9995e-01],
        [4.8769e-07, 4.3598e-08, 1.4299e-07, 2.5736e-06, 1.4331e-07, 9.9997e-01,
         8.9815e-06, 2.1971e-07, 9.8629e-06, 5.1783e-06],
        [9.9999e-01, 8.1898e-08, 8.5970e-07, 1.3588e-07, 2.0478e-07, 1.9743e-07,
         5.2886e-06, 4.4881e-08, 1.4702e-06, 1.2103e-06],
        [1.3299e-05, 1.5150e-06, 9.9994e-01, 3.7231e-06, 6.9129e-07, 1.9886e-06,
         2.5871e-05, 2.9922e-06, 6.1354e-06, 1.0580e-06],
        [7.3116e-07, 4.0807e-07, 5.2641e-07, 1.3612e-07, 9.9998e-01, 1.7459e-07,
         5.7062e-06, 2.5193e-07, 2.1660e-06, 8.8465e-06],
        [8.5938e-08, 1.4019e-07, 7.5812e-06, 9.9994e-01, 3.3186e-07, 3.1708e-05,
         1.8375e-07, 1.9846e-06, 5.4428e-06, 1.3920e-05],
        [3.9490e-05, 2.9598e-05, 7.4577e-04, 1.7840e-05, 4.4425e-05, 2.1997e-05,
         7.2121e-06, 9.9826e-01, 1.3995e-05, 8.2215e-04],
        [1.3336e-05, 1.3625e-05, 2.1963e-04, 4.3351e-05, 2.2676e-05, 3.0119e-05,
         3.4000e-06, 9.9909e-01, 2.3177e-05, 5.4187e-04],
        [1.0080e-04, 5.9101e-07, 7.7661e-06, 8.0077e-07, 1.6548e-05, 4.2272e-05,
         9.9972e-01, 9.4527e-08, 1.0100e-04, 1.4140e-05],
        [9.5487e-06, 1.2543e-05, 2.4737e-05, 4.1214e-06, 4.7095e-05, 2.1577e-05,
         1.3037e-06, 9.9965e-01, 1.0990e-05, 2.1798e-04],
        [8.4604e-05, 9.9963e-01, 1.6635e-05, 5.0084e-06, 3.8447e-05, 5.2598e-06,
         2.7892e-05, 1.3821e-04, 5.2976e-05, 5.7004e-06],
        [1.9436e-04, 9.9807e-01, 2.5841e-05, 1.3268e-05, 1.9066e-04, 3.1623e-05,
         5.2839e-04, 2.8760e-04, 6.4004e-04, 2.0655e-05],
        [8.7062e-08, 1.5472e-07, 8.0936e-07, 9.9997e-01, 8.6473e-08, 3.0642e-05,
         2.0976e-07, 2.0806e-07, 1.5570e-06, 3.2991e-07],
        [1.0017e-05, 5.5358e-07, 9.9995e-01, 3.8667e-06, 5.7874e-07, 5.5562e-07,
         1.2307e-05, 8.9148e-07, 1.7340e-05, 1.5655e-06],
        [1.0762e-05, 1.1008e-05, 1.2780e-04, 5.4291e-05, 2.3096e-05, 3.8963e-05,
         2.8641e-06, 9.9867e-01, 8.6181e-06, 1.0562e-03],
        [6.7424e-05, 2.9990e-04, 1.3562e-04, 4.2526e-05, 5.5256e-04, 6.2397e-05,
         2.2331e-05, 9.9782e-01, 6.0908e-05, 9.3638e-04]],
       device='cuda:0', grad_fn=<SoftmaxBackward>)
>> best accuracy: 99.28333333333333	best epoch: 5

>> final recovery rate: 100.0%
>> val epoch: 10
>> current accuracy: 99.25%
outputs: tensor([[9.9971e-01, 3.3624e-05, 1.4565e-05, 1.5444e-05, 8.0416e-05, 7.1614e-05,
         2.9545e-05, 1.6901e-05, 2.1302e-05, 1.1266e-05],
        [2.4168e-06, 2.3519e-07, 1.8061e-06, 1.1962e-05, 1.7148e-05, 2.5099e-06,
         5.6869e-06, 8.4126e-07, 4.2052e-05, 9.9992e-01],
        [1.7055e-05, 4.6034e-06, 2.0013e-05, 3.0504e-05, 2.4334e-04, 2.1356e-05,
         1.9203e-05, 5.5017e-06, 1.0902e-04, 9.9953e-01],
        [1.0277e-05, 5.4481e-06, 9.9979e-01, 4.7885e-05, 1.3068e-05, 4.4242e-06,
         8.9691e-05, 1.9657e-05, 1.8003e-05, 4.9123e-06],
        [1.0716e-06, 2.3562e-06, 7.8924e-06, 9.9989e-01, 2.1400e-06, 5.6612e-05,
         2.9053e-06, 3.4762e-05, 4.1161e-06, 1.4641e-06],
        [3.1908e-04, 2.2634e-02, 9.7510e-01, 1.5580e-04, 8.9655e-05, 3.8741e-05,
         1.2211e-03, 8.5612e-05, 3.0172e-04, 5.0878e-05],
        [3.0592e-06, 9.9993e-01, 4.6028e-06, 9.9440e-07, 1.5244e-05, 1.4535e-06,
         3.3960e-05, 4.3336e-06, 2.9125e-06, 1.0186e-06],
        [1.1842e-06, 1.9246e-07, 1.4668e-06, 7.2265e-06, 1.3010e-05, 2.4359e-06,
         4.2515e-06, 8.3521e-07, 1.0247e-05, 9.9996e-01],
        [9.9945e-01, 1.2854e-05, 2.3977e-05, 9.9006e-06, 5.6412e-05, 8.3966e-06,
         3.4207e-04, 2.2329e-05, 1.1501e-05, 6.2859e-05],
        [6.9712e-07, 8.1804e-06, 2.1161e-06, 1.1597e-06, 2.5915e-06, 5.7442e-07,
         2.6404e-07, 9.9998e-01, 1.0020e-06, 4.8149e-06],
        [1.8872e-06, 9.9997e-01, 2.3720e-06, 6.7089e-07, 3.7524e-06, 6.2198e-07,
         1.0176e-05, 2.9789e-06, 3.9403e-06, 9.5928e-07],
        [4.8053e-04, 2.8939e-05, 1.3357e-04, 1.1667e-04, 4.4561e-03, 4.1104e-05,
         1.7465e-04, 1.3912e-04, 7.7058e-04, 9.9366e-01],
        [9.9995e-01, 8.7246e-07, 5.7521e-06, 2.4358e-06, 5.9266e-06, 7.8994e-06,
         8.2182e-06, 7.0142e-06, 5.0496e-06, 4.7274e-06],
        [8.5975e-05, 4.2290e-06, 5.4597e-05, 2.5487e-04, 1.2467e-04, 1.3435e-04,
         6.9436e-05, 2.8095e-05, 2.9931e-04, 9.9894e-01],
        [7.1376e-08, 1.5010e-07, 2.9047e-07, 1.2381e-07, 9.9000e-08, 1.3151e-07,
         1.4317e-06, 1.7716e-08, 1.0000e+00, 3.8577e-07],
        [1.4883e-04, 1.1180e-05, 9.9867e-01, 1.0002e-04, 8.6042e-05, 9.2267e-06,
         8.3278e-04, 6.4588e-05, 5.0893e-05, 2.2738e-05],
        [9.9932e-01, 1.5600e-05, 2.6962e-05, 9.6875e-06, 2.2589e-04, 4.3036e-05,
         3.7312e-05, 1.8200e-04, 5.5816e-05, 8.7666e-05],
        [2.7936e-06, 9.9993e-01, 2.5958e-06, 1.7425e-06, 1.3071e-05, 2.6344e-06,
         1.7509e-05, 1.5120e-05, 1.0604e-05, 1.4366e-06],
        [9.0804e-05, 4.0017e-06, 9.9980e-01, 5.2152e-06, 4.3354e-06, 2.0457e-06,
         7.9464e-05, 4.6219e-06, 1.0730e-05, 1.6838e-06],
        [3.2787e-06, 7.0554e-07, 3.3369e-06, 3.5282e-05, 2.8510e-05, 4.5475e-06,
         5.6504e-06, 3.0174e-06, 1.4179e-05, 9.9990e-01],
        [2.6012e-06, 2.7616e-06, 8.7969e-06, 9.9984e-01, 1.6246e-06, 9.7166e-05,
         5.0919e-06, 8.0325e-06, 2.9282e-05, 2.3235e-06],
        [3.2920e-07, 4.9710e-08, 3.6212e-08, 5.9965e-06, 9.6616e-08, 9.9999e-01,
         2.3317e-06, 3.1470e-07, 2.3784e-07, 2.0725e-07],
        [9.9980e-01, 4.2794e-06, 6.9920e-06, 1.8225e-06, 4.3227e-05, 7.9036e-06,
         1.0562e-04, 4.5448e-06, 5.3869e-06, 1.8047e-05],
        [1.7973e-04, 3.8747e-05, 1.7372e-05, 1.4530e-03, 8.0273e-05, 9.9752e-01,
         2.7174e-04, 2.4892e-04, 5.5957e-05, 1.3142e-04],
        [5.1427e-05, 6.2734e-06, 9.9982e-01, 5.3969e-06, 9.4516e-06, 5.5009e-06,
         8.3131e-05, 1.0106e-05, 1.0258e-05, 3.1935e-06],
        [1.2726e-06, 9.9998e-01, 1.0264e-06, 6.4782e-07, 2.5829e-06, 7.3909e-07,
         9.6118e-06, 4.1936e-06, 2.3042e-06, 4.9890e-07],
        [7.1518e-06, 9.9970e-01, 6.0467e-05, 8.7402e-06, 2.6309e-05, 5.8589e-06,
         7.2066e-05, 2.3329e-05, 9.0856e-05, 9.2086e-06],
        [2.6883e-06, 6.3665e-06, 2.3628e-06, 1.1651e-06, 9.9987e-01, 1.1995e-05,
         6.1851e-05, 3.9043e-06, 2.9392e-05, 9.8246e-06],
        [2.8560e-06, 1.0918e-06, 9.9091e-07, 5.7069e-05, 1.7806e-06, 9.9986e-01,
         6.5414e-05, 3.5996e-06, 3.1819e-06, 7.2630e-06],
        [5.6977e-07, 2.7835e-06, 1.0411e-06, 6.8435e-07, 5.0822e-06, 5.3767e-07,
         1.2837e-07, 9.9999e-01, 4.4223e-07, 1.4526e-06],
        [7.9125e-06, 1.4553e-05, 2.1409e-05, 1.2618e-05, 1.5763e-05, 7.3230e-06,
         3.1469e-06, 9.9986e-01, 5.1995e-05, 7.5732e-06],
        [2.1988e-06, 1.6467e-07, 1.0453e-06, 2.6536e-05, 5.3531e-07, 9.9990e-01,
         1.5357e-05, 1.3432e-06, 3.7842e-05, 1.0790e-05],
        [2.3447e-05, 7.8460e-06, 1.0294e-06, 5.9591e-07, 1.7383e-05, 2.3045e-05,
         9.9992e-01, 4.6748e-07, 4.1308e-06, 4.9827e-07],
        [1.1852e-04, 2.3336e-05, 6.3580e-06, 1.2821e-03, 2.8722e-05, 9.9829e-01,
         3.0187e-05, 1.9089e-04, 1.9838e-05, 7.4399e-06],
        [5.3118e-06, 2.0635e-05, 1.4365e-05, 6.8718e-06, 2.9055e-05, 3.1570e-06,
         2.1223e-06, 9.9986e-01, 1.2200e-05, 4.3811e-05],
        [4.0101e-06, 9.7540e-06, 3.5169e-05, 2.2051e-05, 8.4977e-06, 2.2235e-05,
         3.1334e-05, 2.9295e-06, 9.9985e-01, 1.5831e-05],
        [1.2449e-05, 5.2462e-07, 1.0646e-06, 1.5624e-07, 2.1378e-06, 3.4288e-06,
         9.9995e-01, 7.3128e-08, 3.0476e-05, 1.7299e-06],
        [9.9980e-01, 2.0304e-05, 1.0713e-05, 2.9030e-06, 4.4310e-05, 4.0953e-06,
         4.5321e-05, 2.8791e-05, 9.4893e-06, 3.5760e-05],
        [1.1754e-02, 4.6382e-05, 3.7519e-04, 5.6636e-04, 9.7407e-04, 4.8346e-03,
         1.5289e-03, 2.0472e-04, 1.6215e-03, 9.7809e-01],
        [3.5742e-05, 3.7311e-04, 7.8923e-05, 4.9061e-05, 5.1907e-04, 2.3948e-05,
         9.2228e-06, 9.9864e-01, 9.3899e-05, 1.7689e-04],
        [4.3992e-06, 2.9504e-06, 2.6606e-06, 1.3433e-05, 7.6700e-05, 2.6922e-06,
         2.0385e-05, 8.5671e-06, 2.3297e-05, 9.9984e-01],
        [6.8821e-07, 4.4396e-06, 3.0026e-06, 9.9993e-01, 2.1196e-06, 3.8905e-05,
         7.4027e-06, 3.6914e-06, 7.3617e-06, 2.0092e-06],
        [9.5187e-05, 3.3742e-05, 9.9968e-01, 3.6624e-05, 1.6393e-05, 2.4149e-05,
         8.0053e-05, 1.9316e-05, 1.3401e-05, 4.8056e-06],
        [1.3130e-06, 8.8992e-07, 7.6247e-06, 1.0628e-06, 1.6663e-06, 6.1942e-07,
         2.2705e-05, 1.4934e-07, 9.9996e-01, 1.7851e-06],
        [4.6885e-07, 1.3582e-06, 2.0849e-06, 9.9998e-01, 1.3430e-06, 9.9797e-06,
         1.3607e-06, 5.8836e-06, 8.6665e-07, 6.3784e-07],
        [5.9413e-06, 1.2600e-06, 5.5781e-06, 2.4744e-05, 9.1596e-05, 4.6554e-06,
         1.7186e-05, 5.6146e-06, 6.4649e-05, 9.9978e-01],
        [1.0465e-03, 6.8274e-05, 9.9547e-01, 4.0058e-04, 3.8196e-05, 1.9142e-04,
         9.8466e-04, 1.5263e-03, 2.4286e-04, 2.6522e-05],
        [6.2431e-06, 9.9987e-01, 1.0917e-05, 8.8387e-06, 6.2644e-06, 3.0460e-06,
         2.7646e-05, 1.4244e-05, 5.1097e-05, 2.9182e-06]],
       device='cuda:0', grad_fn=<SoftmaxBackward>)
>> best accuracy: 99.28333333333333	best epoch: 5

>> final recovery rate: 100.0%
>> val epoch: 15
>> current accuracy: 99.33333333333333%
outputs: tensor([[9.9998e-01, 4.1276e-07, 4.7373e-06, 2.2584e-07, 5.0532e-07, 2.7809e-06,
         4.8192e-06, 1.8573e-06, 2.4041e-06, 1.2252e-06],
        [2.7338e-06, 2.1640e-06, 1.4673e-06, 6.8028e-07, 9.9993e-01, 9.6078e-06,
         1.2613e-05, 1.9041e-05, 1.5541e-06, 2.2067e-05],
        [2.0659e-04, 4.0175e-06, 1.2011e-04, 2.0759e-06, 7.7926e-06, 1.8248e-05,
         2.0568e-05, 4.6605e-06, 9.9958e-01, 3.8720e-05],
        [8.6804e-06, 7.3380e-07, 4.3218e-06, 3.2681e-06, 7.2536e-06, 7.7912e-06,
         7.2862e-06, 1.7123e-05, 1.1979e-05, 9.9993e-01],
        [1.9288e-05, 2.1687e-06, 9.9932e-01, 4.9016e-06, 1.3320e-05, 1.6012e-05,
         3.1151e-05, 5.5765e-04, 8.7522e-06, 3.1356e-05],
        [2.5850e-05, 4.4344e-05, 6.8217e-05, 9.9885e-01, 8.0461e-06, 5.2733e-04,
         1.7557e-05, 3.1890e-04, 6.5119e-05, 7.6959e-05],
        [2.8614e-05, 9.3879e-06, 2.2907e-05, 3.4845e-06, 6.6383e-06, 9.2106e-05,
         9.9980e-01, 4.0835e-06, 1.7201e-05, 2.0379e-05],
        [4.5421e-06, 2.8070e-07, 9.1975e-07, 3.5189e-07, 9.7444e-07, 7.6385e-06,
         2.5078e-06, 2.9717e-07, 9.9998e-01, 4.5321e-06],
        [2.7225e-05, 9.1841e-07, 1.1371e-05, 5.1279e-07, 1.4070e-06, 3.5169e-06,
         1.3533e-05, 7.0247e-07, 9.9993e-01, 6.0505e-06],
        [9.9992e-01, 8.4731e-07, 3.3231e-05, 1.0308e-06, 2.5583e-06, 7.8864e-06,
         1.7941e-05, 4.7691e-06, 1.1524e-05, 4.0799e-06],
        [4.0974e-05, 4.0691e-05, 1.2850e-04, 9.9877e-01, 4.7941e-05, 4.6749e-04,
         4.9700e-05, 1.1091e-04, 1.8747e-04, 1.5480e-04],
        [1.6238e-05, 3.1971e-06, 9.9970e-01, 3.3863e-06, 4.3676e-05, 9.7234e-06,
         4.0810e-05, 1.5705e-04, 1.3263e-05, 1.4414e-05],
        [2.6302e-06, 2.5408e-07, 1.2845e-06, 2.2233e-07, 4.8246e-07, 2.6883e-06,
         5.7274e-06, 1.7766e-07, 9.9998e-01, 3.1292e-06],
        [4.0486e-05, 9.9976e-01, 3.0791e-05, 7.9148e-06, 1.0714e-05, 3.8888e-05,
         2.8723e-05, 3.8962e-05, 2.5041e-05, 2.2407e-05],
        [1.0954e-05, 3.4636e-06, 9.9969e-01, 4.7683e-06, 1.7684e-05, 7.5006e-06,
         2.9039e-05, 2.1052e-04, 9.1245e-06, 1.2429e-05],
        [2.4134e-06, 4.9891e-06, 1.2928e-06, 1.1029e-06, 2.3463e-06, 1.2784e-05,
         4.0930e-07, 9.9997e-01, 9.6948e-07, 5.0512e-06],
        [9.9998e-01, 6.9386e-07, 1.6714e-06, 2.1530e-07, 3.7687e-07, 4.2432e-06,
         3.9591e-06, 1.5026e-06, 3.5104e-06, 8.8693e-07],
        [9.5966e-06, 1.1272e-05, 3.0809e-05, 9.9976e-01, 3.3129e-06, 1.0634e-04,
         8.3681e-06, 1.4696e-05, 2.8111e-05, 2.3224e-05],
        [3.9480e-05, 9.1343e-05, 9.1753e-05, 9.9858e-01, 4.5009e-05, 6.8791e-04,
         3.3804e-05, 9.4835e-05, 1.0526e-04, 2.2732e-04],
        [3.7275e-06, 3.2091e-06, 1.5046e-06, 1.1444e-06, 9.9985e-01, 8.6877e-06,
         1.2860e-05, 7.4854e-06, 2.5838e-06, 1.0400e-04],
        [5.8657e-06, 2.0933e-06, 1.6241e-06, 3.8136e-07, 1.9512e-06, 2.4938e-05,
         9.9996e-01, 6.5569e-07, 2.2675e-06, 2.1694e-06],
        [1.5905e-05, 9.9989e-01, 2.2296e-05, 4.4812e-06, 1.4592e-05, 1.2345e-05,
         9.1917e-06, 1.8553e-05, 6.7252e-06, 8.2352e-06],
        [9.5498e-05, 1.5769e-05, 9.9741e-01, 2.5517e-05, 1.1112e-04, 6.8012e-05,
         1.2316e-04, 1.9275e-03, 6.9676e-05, 1.5424e-04],
        [5.1393e-07, 1.1655e-06, 5.9865e-07, 1.2403e-07, 9.7026e-07, 2.7097e-06,
         1.1131e-07, 9.9999e-01, 3.7510e-07, 7.2013e-07],
        [5.9123e-06, 1.2005e-06, 9.9997e-01, 1.3556e-06, 4.2515e-07, 3.4005e-06,
         3.9649e-06, 1.0092e-05, 5.4720e-06, 6.9248e-07],
        [3.6432e-05, 8.6665e-07, 4.8049e-06, 6.6191e-06, 1.5349e-05, 9.7108e-06,
         1.1916e-05, 6.5097e-05, 1.4232e-05, 9.9983e-01],
        [8.0614e-06, 1.3454e-05, 3.2968e-05, 9.9978e-01, 3.0181e-06, 7.9587e-05,
         7.6493e-06, 2.4129e-05, 2.1212e-05, 3.4233e-05],
        [4.4052e-05, 9.9972e-01, 4.5055e-05, 1.5764e-05, 2.6619e-05, 6.6453e-05,
         2.3247e-05, 2.8657e-05, 1.6089e-05, 1.4757e-05],
        [1.1554e-05, 9.9991e-01, 1.7761e-05, 2.8991e-06, 1.0568e-05, 1.2382e-05,
         8.9094e-06, 1.2031e-05, 4.2093e-06, 5.8155e-06],
        [6.3528e-05, 5.9547e-06, 3.0869e-05, 2.5320e-05, 8.5541e-05, 9.4998e-05,
         5.1074e-05, 4.0380e-04, 1.2675e-04, 9.9911e-01],
        [2.4059e-05, 9.9977e-01, 2.5602e-05, 5.3239e-06, 4.4966e-05, 1.4138e-05,
         3.4372e-05, 4.2463e-05, 1.3513e-05, 2.1806e-05],
        [4.6068e-05, 9.4796e-05, 2.9015e-05, 9.9933e-01, 4.7054e-06, 2.4507e-04,
         1.9684e-05, 4.6270e-05, 1.3768e-04, 5.1634e-05],
        [1.7549e-05, 9.9982e-01, 1.5069e-05, 5.4576e-06, 3.9460e-05, 2.5497e-05,
         2.3627e-05, 3.1895e-05, 1.0447e-05, 1.0251e-05],
        [1.6518e-06, 2.1102e-06, 5.3980e-07, 2.9076e-07, 9.9993e-01, 4.0300e-06,
         1.4255e-05, 2.5854e-05, 6.7106e-07, 1.6387e-05],
        [9.9893e-05, 2.4815e-04, 1.5223e-04, 9.9777e-01, 3.1171e-05, 9.1458e-04,
         4.8253e-05, 2.9993e-04, 1.9622e-04, 2.4062e-04],
        [9.9971e-01, 1.5886e-05, 1.6475e-05, 3.2753e-06, 2.2508e-05, 1.7466e-05,
         1.6250e-04, 7.5755e-06, 3.1921e-05, 1.1465e-05],
        [4.3428e-05, 9.9967e-01, 4.0949e-05, 1.3854e-05, 2.9605e-05, 6.2355e-05,
         3.9610e-05, 4.4326e-05, 3.4825e-05, 1.7021e-05],
        [3.6038e-06, 9.0261e-06, 1.4472e-06, 1.0262e-06, 9.9981e-01, 7.0682e-06,
         1.8633e-05, 4.5668e-05, 1.2689e-06, 1.0470e-04],
        [3.9023e-05, 7.1300e-05, 1.5514e-04, 9.9743e-01, 1.3529e-05, 1.8656e-03,
         2.5856e-05, 1.6305e-04, 7.3312e-05, 1.6370e-04],
        [1.0363e-06, 6.6742e-07, 5.0954e-07, 2.0655e-07, 9.9997e-01, 2.5631e-06,
         5.1695e-06, 1.0579e-05, 1.2840e-06, 9.8013e-06],
        [4.2603e-05, 1.7276e-05, 2.5800e-05, 7.1584e-06, 6.6262e-06, 3.9720e-05,
         2.0040e-04, 4.5604e-06, 9.9964e-01, 1.8558e-05],
        [1.7822e-05, 1.4356e-05, 1.2552e-04, 9.9930e-01, 4.8285e-06, 3.0710e-04,
         2.2648e-05, 2.8332e-05, 1.2588e-04, 5.6499e-05],
        [9.4468e-05, 1.8126e-04, 1.5305e-04, 9.9736e-01, 6.3443e-05, 1.3860e-03,
         7.2479e-05, 1.4029e-04, 3.6821e-04, 1.8121e-04],
        [1.7171e-05, 3.4050e-05, 2.1649e-05, 9.9943e-01, 8.1542e-06, 3.2674e-04,
         1.5168e-05, 2.7077e-05, 6.5991e-05, 5.0279e-05],
        [2.1152e-06, 9.2030e-07, 5.5043e-06, 1.4950e-07, 1.0096e-06, 5.4952e-05,
         9.9993e-01, 5.0644e-07, 1.3262e-06, 7.6194e-07],
        [8.4046e-06, 1.0390e-05, 9.3952e-06, 8.5484e-07, 3.4288e-06, 4.8340e-05,
         9.9991e-01, 1.0754e-06, 4.1749e-06, 1.2891e-06],
        [4.5155e-05, 3.7876e-05, 2.1677e-05, 1.8271e-05, 3.5455e-04, 5.7873e-05,
         9.6696e-05, 1.7917e-04, 7.6496e-05, 9.9911e-01],
        [9.6596e-04, 8.5047e-04, 4.5863e-04, 2.0875e-04, 2.6393e-01, 4.4335e-04,
         9.0174e-04, 1.0132e-02, 5.6701e-04, 7.2154e-01]],
       device='cuda:0', grad_fn=<SoftmaxBackward>)
>> best accuracy: 99.33333333333333	best epoch: 15

>> final recovery rate: 100.0%
>> val epoch: 20
>> current accuracy: 99.43333333333332%
outputs: tensor([[6.9959e-04, 3.5008e-05, 2.6202e-03, 3.4064e-05, 1.2146e-04, 8.9765e-04,
         2.7021e-04, 4.9679e-05, 9.9311e-01, 2.1657e-03],
        [2.1957e-04, 1.4082e-04, 9.7599e-05, 1.7472e-05, 5.9585e-05, 7.9190e-05,
         9.9888e-01, 3.3082e-05, 4.0432e-04, 6.9482e-05],
        [1.6018e-05, 8.1822e-06, 3.7910e-05, 9.9979e-01, 6.3656e-06, 3.0983e-05,
         6.2090e-06, 4.6615e-05, 1.1282e-05, 4.2250e-05],
        [5.1426e-06, 9.9998e-01, 1.1505e-06, 3.8140e-07, 8.6059e-07, 5.9914e-07,
         3.9519e-07, 7.7898e-06, 2.0234e-06, 1.7844e-06],
        [5.5165e-06, 9.9998e-01, 3.1744e-06, 7.8792e-07, 2.7458e-06, 9.4169e-07,
         6.9471e-07, 4.1913e-06, 1.8701e-06, 1.2615e-06],
        [2.4813e-05, 1.2379e-04, 2.5770e-05, 1.4802e-05, 6.9302e-05, 9.6876e-06,
         4.4030e-06, 9.9957e-01, 1.1617e-05, 1.4730e-04],
        [9.9999e-01, 2.8227e-06, 2.1991e-06, 3.4934e-07, 1.2281e-06, 1.5319e-06,
         1.3784e-06, 8.6545e-07, 1.3675e-06, 1.2845e-06],
        [3.9682e-04, 1.6947e-04, 2.7143e-04, 1.6061e-05, 2.0017e-04, 5.8424e-04,
         9.9818e-01, 6.1164e-05, 5.5030e-05, 6.1353e-05],
        [3.0150e-05, 3.5588e-05, 6.4084e-05, 9.9966e-01, 1.3631e-05, 4.8972e-05,
         1.3598e-05, 6.0647e-05, 2.8382e-05, 4.9796e-05],
        [2.8869e-06, 2.7961e-07, 1.3334e-06, 6.5924e-07, 9.0229e-06, 2.6883e-06,
         1.4140e-06, 4.7483e-06, 1.4638e-06, 9.9998e-01],
        [9.4531e-06, 4.9184e-06, 3.2905e-05, 2.4712e-06, 9.9988e-01, 3.5164e-06,
         2.1023e-05, 4.8316e-06, 1.4660e-05, 2.8793e-05],
        [9.8091e-05, 9.3783e-05, 5.7868e-05, 7.4861e-06, 3.4299e-05, 1.8786e-05,
         9.9962e-01, 1.5697e-05, 3.4594e-05, 2.2431e-05],
        [6.3059e-05, 1.5176e-04, 2.4579e-04, 9.9903e-01, 2.2426e-05, 1.3693e-04,
         4.2947e-05, 1.0876e-04, 1.3911e-04, 5.7005e-05],
        [3.3797e-06, 9.9999e-01, 7.2287e-07, 3.1280e-07, 4.1945e-07, 3.5034e-07,
         1.8542e-07, 2.7795e-06, 5.3820e-07, 6.4731e-07],
        [8.7098e-06, 1.5413e-05, 8.2214e-06, 4.8999e-06, 9.9989e-01, 4.6838e-06,
         1.9188e-05, 1.0169e-05, 7.7247e-06, 3.2879e-05],
        [4.8378e-05, 9.3420e-05, 2.5194e-05, 4.1372e-06, 9.9969e-01, 9.6319e-06,
         2.2069e-05, 2.4325e-05, 1.8124e-05, 6.3054e-05],
        [1.4837e-04, 1.1439e-04, 1.2483e-04, 1.4795e-05, 5.9702e-05, 4.9398e-05,
         9.9931e-01, 2.8469e-05, 8.3026e-05, 6.8686e-05],
        [7.0341e-05, 4.0384e-04, 1.0631e-03, 2.4076e-04, 1.0797e-03, 1.5330e-04,
         3.3033e-05, 9.9656e-01, 3.2381e-05, 3.6606e-04],
        [7.4697e-05, 5.5999e-05, 4.2590e-05, 5.3079e-06, 1.8809e-05, 1.2804e-05,
         9.9976e-01, 9.0328e-06, 1.0341e-05, 1.3697e-05],
        [1.3923e-04, 1.4591e-04, 6.6743e-04, 9.9845e-01, 2.5782e-05, 1.9112e-04,
         5.7156e-05, 1.4949e-04, 9.8895e-05, 7.2996e-05],
        [1.5696e-04, 2.9409e-04, 1.7885e-03, 4.4258e-05, 1.6122e-04, 1.5417e-04,
         4.5991e-05, 9.9619e-01, 4.5039e-05, 1.1194e-03],
        [6.9457e-05, 1.1112e-05, 4.2220e-05, 5.6902e-05, 3.5618e-05, 9.9964e-01,
         2.0500e-05, 3.8989e-05, 3.2186e-05, 5.0805e-05],
        [7.4230e-06, 1.3364e-06, 9.9998e-01, 9.3490e-07, 1.6469e-06, 8.3701e-07,
         1.4365e-06, 7.9482e-06, 1.8031e-06, 1.1273e-06],
        [1.0688e-04, 2.7863e-04, 8.6098e-04, 5.5117e-05, 8.4839e-05, 4.7950e-05,
         1.6843e-05, 9.9810e-01, 3.8336e-05, 4.0876e-04],
        [1.5980e-04, 1.7645e-05, 3.9018e-05, 1.2011e-05, 1.2103e-05, 2.6850e-05,
         7.7104e-05, 1.0287e-05, 9.9954e-01, 1.0720e-04],
        [2.2645e-05, 1.9709e-05, 2.7701e-05, 9.9973e-01, 1.0069e-05, 6.5672e-05,
         1.5466e-05, 4.1709e-05, 2.7067e-05, 4.2401e-05],
        [1.8350e-05, 2.3812e-06, 2.3683e-05, 1.1982e-05, 6.7490e-06, 1.5593e-05,
         2.5036e-05, 2.1878e-06, 9.9987e-01, 2.3235e-05],
        [2.0999e-05, 2.2568e-05, 1.4548e-05, 6.1339e-05, 3.4140e-05, 9.9976e-01,
         2.3847e-05, 2.5239e-05, 1.0748e-05, 2.1981e-05],
        [2.7982e-06, 3.9104e-07, 1.0260e-06, 1.4299e-06, 3.9876e-06, 4.0864e-06,
         8.4518e-07, 5.3030e-06, 1.3639e-06, 9.9998e-01],
        [1.8237e-05, 1.5754e-05, 8.1294e-05, 9.9976e-01, 8.6366e-06, 3.1312e-05,
         1.3971e-05, 3.1149e-05, 2.2942e-05, 2.0967e-05],
        [1.1270e-04, 1.0032e-04, 2.0757e-04, 1.9831e-05, 6.3309e-05, 4.1114e-05,
         9.9936e-01, 3.1953e-05, 2.1450e-05, 4.2250e-05],
        [1.5084e-05, 3.2001e-06, 1.3560e-05, 5.0008e-06, 2.0093e-06, 1.2707e-05,
         1.1574e-05, 1.1650e-06, 9.9992e-01, 1.2095e-05],
        [5.0867e-06, 4.7399e-07, 1.0611e-06, 9.7167e-07, 1.1897e-05, 1.4586e-06,
         1.3003e-06, 5.5706e-06, 2.0958e-06, 9.9997e-01],
        [3.2886e-05, 2.0855e-04, 5.3123e-05, 5.3674e-06, 9.9954e-01, 8.7315e-06,
         2.5121e-05, 3.8942e-05, 1.3451e-05, 6.9670e-05],
        [3.7230e-05, 2.4966e-05, 5.2943e-05, 9.9962e-01, 1.8761e-05, 5.4123e-05,
         1.8269e-05, 5.9740e-05, 3.3436e-05, 7.6097e-05],
        [9.3906e-05, 1.1779e-05, 5.3723e-05, 8.8968e-05, 2.2643e-05, 2.7398e-05,
         5.3235e-05, 7.1230e-06, 9.9941e-01, 2.3468e-04],
        [3.0240e-05, 5.3202e-05, 1.8192e-05, 8.9950e-06, 9.9913e-01, 1.2430e-05,
         3.0018e-05, 4.9741e-05, 1.9515e-05, 6.5245e-04],
        [2.1438e-05, 4.9788e-06, 7.3487e-06, 2.1107e-05, 7.6622e-06, 9.9990e-01,
         6.5614e-06, 1.0671e-05, 1.2957e-05, 9.2608e-06],
        [1.8927e-04, 9.9819e-01, 1.1876e-03, 5.5213e-05, 4.8055e-05, 1.3011e-05,
         1.5851e-05, 1.8086e-04, 9.1998e-05, 2.4815e-05],
        [6.8416e-05, 6.3908e-06, 2.8015e-05, 6.6457e-06, 5.2899e-06, 5.1558e-06,
         2.0913e-05, 2.1273e-06, 9.9984e-01, 1.8673e-05],
        [3.1300e-05, 1.7332e-05, 1.5316e-05, 6.4259e-05, 1.4575e-05, 9.9971e-01,
         4.4569e-05, 1.8509e-05, 4.7924e-05, 3.1415e-05],
        [5.1891e-05, 5.5282e-06, 6.2544e-06, 1.6002e-05, 1.0305e-05, 9.9986e-01,
         8.3665e-06, 1.3565e-05, 2.0356e-05, 9.3109e-06],
        [2.0436e-05, 9.4971e-05, 1.0986e-04, 8.7544e-05, 1.0095e-04, 1.7663e-05,
         5.4145e-06, 9.9944e-01, 1.0791e-05, 1.1347e-04],
        [6.4904e-04, 3.4791e-04, 5.0973e-04, 4.1462e-05, 6.6369e-05, 4.8475e-05,
         9.9796e-01, 6.7405e-05, 2.1160e-04, 9.8767e-05],
        [6.9831e-05, 6.1440e-04, 1.2833e-03, 2.3107e-05, 2.8172e-04, 5.0476e-05,
         2.1157e-05, 9.9713e-01, 5.4726e-05, 4.6627e-04],
        [2.2193e-05, 1.5479e-05, 2.8057e-05, 9.9981e-01, 7.3285e-06, 2.8392e-05,
         9.9768e-06, 1.7248e-05, 2.3699e-05, 3.5635e-05],
        [8.0814e-05, 9.1848e-05, 1.3477e-04, 1.0548e-05, 3.7916e-05, 3.4458e-05,
         9.9950e-01, 2.5253e-05, 5.3890e-05, 3.1413e-05],
        [9.9645e-01, 3.5120e-05, 1.9387e-04, 2.0686e-05, 1.1268e-04, 8.8622e-04,
         5.6568e-04, 4.0736e-04, 9.0863e-05, 1.2419e-03]],
       device='cuda:0', grad_fn=<SoftmaxBackward>)
>> best accuracy: 99.43333333333332	best epoch: 20

>> final recovery rate: 100.0%
