noise type: uniform
noise level: 0.8
when_to_apply_epoch: 30
total clean data num: 10916
probability transition matrix:
[[0.2        0.08888889 0.08888889 0.08888889 0.08888889 0.08888889
  0.08888889 0.08888889 0.08888889 0.08888889]
 [0.08888889 0.2        0.08888889 0.08888889 0.08888889 0.08888889
  0.08888889 0.08888889 0.08888889 0.08888889]
 [0.08888889 0.08888889 0.2        0.08888889 0.08888889 0.08888889
  0.08888889 0.08888889 0.08888889 0.08888889]
 [0.08888889 0.08888889 0.08888889 0.2        0.08888889 0.08888889
  0.08888889 0.08888889 0.08888889 0.08888889]
 [0.08888889 0.08888889 0.08888889 0.08888889 0.2        0.08888889
  0.08888889 0.08888889 0.08888889 0.08888889]
 [0.08888889 0.08888889 0.08888889 0.08888889 0.08888889 0.2
  0.08888889 0.08888889 0.08888889 0.08888889]
 [0.08888889 0.08888889 0.08888889 0.08888889 0.08888889 0.08888889
  0.2        0.08888889 0.08888889 0.08888889]
 [0.08888889 0.08888889 0.08888889 0.08888889 0.08888889 0.08888889
  0.08888889 0.2        0.08888889 0.08888889]
 [0.08888889 0.08888889 0.08888889 0.08888889 0.08888889 0.08888889
  0.08888889 0.08888889 0.2        0.08888889]
 [0.08888889 0.08888889 0.08888889 0.08888889 0.08888889 0.08888889
  0.08888889 0.08888889 0.08888889 0.2       ]]
>> val epoch: 0
>> current accuracy: 8.05%
outputs: tensor([[0.1097, 0.1159, 0.1928, 0.0688, 0.0494, 0.0931, 0.1118, 0.0898, 0.0949,
         0.0739],
        [0.1050, 0.0916, 0.0938, 0.0904, 0.0953, 0.1138, 0.1117, 0.0935, 0.0975,
         0.1075],
        [0.1061, 0.0943, 0.1015, 0.0884, 0.0898, 0.1121, 0.1123, 0.0937, 0.0977,
         0.1040],
        [0.1092, 0.1149, 0.1883, 0.0709, 0.0507, 0.0934, 0.1115, 0.0887, 0.0957,
         0.0767],
        [0.1063, 0.1192, 0.2174, 0.0687, 0.0418, 0.0860, 0.1084, 0.0821, 0.0956,
         0.0745],
        [0.1061, 0.1208, 0.2318, 0.0657, 0.0389, 0.0836, 0.1074, 0.0816, 0.0940,
         0.0701],
        [0.1050, 0.0916, 0.0939, 0.0903, 0.0952, 0.1138, 0.1117, 0.0936, 0.0974,
         0.1074],
        [0.1050, 0.0916, 0.0938, 0.0904, 0.0953, 0.1138, 0.1117, 0.0935, 0.0975,
         0.1075],
        [0.1050, 0.0916, 0.0938, 0.0904, 0.0953, 0.1138, 0.1117, 0.0935, 0.0975,
         0.1075],
        [0.1087, 0.1185, 0.2117, 0.0661, 0.0443, 0.0890, 0.1101, 0.0874, 0.0939,
         0.0702],
        [0.1050, 0.0916, 0.0938, 0.0904, 0.0953, 0.1138, 0.1117, 0.0935, 0.0975,
         0.1075],
        [0.1088, 0.0999, 0.1201, 0.0837, 0.0785, 0.1084, 0.1133, 0.0939, 0.0975,
         0.0959],
        [0.1054, 0.0918, 0.0946, 0.0897, 0.0951, 0.1139, 0.1119, 0.0942, 0.0973,
         0.1062],
        [0.1082, 0.0977, 0.1121, 0.0849, 0.0832, 0.1104, 0.1133, 0.0948, 0.0973,
         0.0981],
        [0.1050, 0.0916, 0.0938, 0.0904, 0.0953, 0.1138, 0.1117, 0.0935, 0.0975,
         0.1075],
        [0.1135, 0.1110, 0.1651, 0.0722, 0.0600, 0.0994, 0.1132, 0.0941, 0.0939,
         0.0776],
        [0.1050, 0.0916, 0.0938, 0.0904, 0.0953, 0.1138, 0.1117, 0.0935, 0.0975,
         0.1075],
        [0.1050, 0.0916, 0.0938, 0.0904, 0.0953, 0.1138, 0.1117, 0.0935, 0.0975,
         0.1075],
        [0.1099, 0.1006, 0.1227, 0.0821, 0.0773, 0.1084, 0.1138, 0.0950, 0.0968,
         0.0933],
        [0.1093, 0.0998, 0.1195, 0.0832, 0.0789, 0.1089, 0.1136, 0.0947, 0.0971,
         0.0951],
        [0.1114, 0.1115, 0.1696, 0.0726, 0.0571, 0.0982, 0.1131, 0.0924, 0.0953,
         0.0788],
        [0.1070, 0.1188, 0.2146, 0.0685, 0.0428, 0.0870, 0.1088, 0.0834, 0.0953,
         0.0739],
        [0.1050, 0.0916, 0.0938, 0.0904, 0.0953, 0.1138, 0.1117, 0.0935, 0.0975,
         0.1075],
        [0.1050, 0.0916, 0.0938, 0.0904, 0.0953, 0.1138, 0.1117, 0.0935, 0.0975,
         0.1075],
        [0.1051, 0.0916, 0.0940, 0.0902, 0.0952, 0.1138, 0.1118, 0.0937, 0.0974,
         0.1072],
        [0.1050, 0.0916, 0.0938, 0.0904, 0.0953, 0.1138, 0.1117, 0.0935, 0.0975,
         0.1075],
        [0.1051, 0.0916, 0.0940, 0.0902, 0.0952, 0.1138, 0.1118, 0.0937, 0.0974,
         0.1072],
        [0.1050, 0.0916, 0.0938, 0.0904, 0.0953, 0.1138, 0.1117, 0.0935, 0.0975,
         0.1075],
        [0.1050, 0.0916, 0.0938, 0.0904, 0.0953, 0.1138, 0.1117, 0.0935, 0.0975,
         0.1075],
        [0.1095, 0.0999, 0.1202, 0.0829, 0.0787, 0.1088, 0.1137, 0.0949, 0.0970,
         0.0946],
        [0.1164, 0.1139, 0.1860, 0.0656, 0.0531, 0.0968, 0.1134, 0.0959, 0.0906,
         0.0683],
        [0.1145, 0.1082, 0.1533, 0.0735, 0.0641, 0.1028, 0.1142, 0.0961, 0.0938,
         0.0795],
        [0.1050, 0.0916, 0.0938, 0.0904, 0.0953, 0.1138, 0.1117, 0.0935, 0.0975,
         0.1075],
        [0.1050, 0.0916, 0.0938, 0.0904, 0.0953, 0.1138, 0.1117, 0.0935, 0.0975,
         0.1075],
        [0.1050, 0.0916, 0.0938, 0.0904, 0.0953, 0.1138, 0.1117, 0.0935, 0.0975,
         0.1075],
        [0.1124, 0.1051, 0.1400, 0.0775, 0.0695, 0.1050, 0.1140, 0.0953, 0.0954,
         0.0858],
        [0.1079, 0.1191, 0.2166, 0.0662, 0.0428, 0.0876, 0.1094, 0.0857, 0.0941,
         0.0706],
        [0.1050, 0.0916, 0.0938, 0.0904, 0.0953, 0.1138, 0.1117, 0.0935, 0.0975,
         0.1075],
        [0.1094, 0.1131, 0.1763, 0.0728, 0.0542, 0.0960, 0.1123, 0.0899, 0.0964,
         0.0797],
        [0.1050, 0.0916, 0.0938, 0.0904, 0.0953, 0.1138, 0.1117, 0.0935, 0.0975,
         0.1075],
        [0.1050, 0.0916, 0.0938, 0.0904, 0.0953, 0.1138, 0.1117, 0.0935, 0.0975,
         0.1075],
        [0.1050, 0.0916, 0.0938, 0.0904, 0.0953, 0.1138, 0.1117, 0.0935, 0.0975,
         0.1075],
        [0.1062, 0.0956, 0.1055, 0.0882, 0.0866, 0.1109, 0.1124, 0.0928, 0.0982,
         0.1036],
        [0.1050, 0.0916, 0.0938, 0.0904, 0.0953, 0.1138, 0.1117, 0.0935, 0.0975,
         0.1075],
        [0.1050, 0.0916, 0.0938, 0.0904, 0.0953, 0.1138, 0.1117, 0.0935, 0.0975,
         0.1075],
        [0.1097, 0.1163, 0.1957, 0.0684, 0.0485, 0.0925, 0.1115, 0.0894, 0.0946,
         0.0734],
        [0.1050, 0.0916, 0.0938, 0.0904, 0.0953, 0.1138, 0.1117, 0.0935, 0.0975,
         0.1075],
        [0.1050, 0.0916, 0.0938, 0.0904, 0.0953, 0.1138, 0.1117, 0.0935, 0.0975,
         0.1075]], device='cuda:0', grad_fn=<SoftmaxBackward>)
>> best accuracy: 8.05	best epoch: 0

>> final recovery rate: 20.214814814814815%
>> val epoch: 5
>> current accuracy: 10.45%
outputs: tensor([[0.0886, 0.0727, 0.0894, 0.1411, 0.1220, 0.0942, 0.0625, 0.1197, 0.1222,
         0.0878],
        [0.0886, 0.0727, 0.0894, 0.1411, 0.1220, 0.0942, 0.0625, 0.1197, 0.1222,
         0.0878],
        [0.0886, 0.0727, 0.0894, 0.1411, 0.1220, 0.0942, 0.0625, 0.1197, 0.1222,
         0.0878],
        [0.0886, 0.0727, 0.0894, 0.1411, 0.1220, 0.0942, 0.0625, 0.1197, 0.1222,
         0.0878],
        [0.0886, 0.0727, 0.0894, 0.1411, 0.1220, 0.0942, 0.0625, 0.1197, 0.1222,
         0.0878],
        [0.0886, 0.0727, 0.0894, 0.1411, 0.1220, 0.0942, 0.0625, 0.1197, 0.1222,
         0.0878],
        [0.0886, 0.0727, 0.0894, 0.1411, 0.1220, 0.0942, 0.0625, 0.1197, 0.1222,
         0.0878],
        [0.0886, 0.0727, 0.0894, 0.1411, 0.1220, 0.0942, 0.0625, 0.1197, 0.1222,
         0.0878],
        [0.0886, 0.0727, 0.0894, 0.1411, 0.1220, 0.0942, 0.0625, 0.1197, 0.1222,
         0.0878],
        [0.0886, 0.0727, 0.0894, 0.1411, 0.1220, 0.0942, 0.0625, 0.1197, 0.1222,
         0.0878],
        [0.0886, 0.0727, 0.0894, 0.1411, 0.1220, 0.0942, 0.0625, 0.1197, 0.1222,
         0.0878],
        [0.0886, 0.0727, 0.0894, 0.1411, 0.1220, 0.0942, 0.0625, 0.1197, 0.1222,
         0.0878],
        [0.0886, 0.0727, 0.0894, 0.1411, 0.1220, 0.0942, 0.0625, 0.1197, 0.1222,
         0.0878],
        [0.0886, 0.0727, 0.0894, 0.1411, 0.1220, 0.0942, 0.0625, 0.1197, 0.1222,
         0.0878],
        [0.0886, 0.0727, 0.0894, 0.1411, 0.1220, 0.0942, 0.0625, 0.1197, 0.1222,
         0.0878],
        [0.0886, 0.0727, 0.0894, 0.1411, 0.1220, 0.0942, 0.0625, 0.1197, 0.1222,
         0.0878],
        [0.0886, 0.0727, 0.0894, 0.1411, 0.1220, 0.0942, 0.0625, 0.1197, 0.1222,
         0.0878],
        [0.0886, 0.0727, 0.0894, 0.1411, 0.1220, 0.0942, 0.0625, 0.1197, 0.1222,
         0.0878],
        [0.0886, 0.0727, 0.0894, 0.1411, 0.1220, 0.0942, 0.0625, 0.1197, 0.1222,
         0.0878],
        [0.0886, 0.0727, 0.0894, 0.1411, 0.1220, 0.0942, 0.0625, 0.1197, 0.1222,
         0.0878],
        [0.0886, 0.0727, 0.0894, 0.1411, 0.1220, 0.0942, 0.0625, 0.1197, 0.1222,
         0.0878],
        [0.0886, 0.0727, 0.0894, 0.1411, 0.1220, 0.0942, 0.0625, 0.1197, 0.1222,
         0.0878],
        [0.0886, 0.0727, 0.0894, 0.1411, 0.1220, 0.0942, 0.0625, 0.1197, 0.1222,
         0.0878],
        [0.0886, 0.0727, 0.0894, 0.1411, 0.1220, 0.0942, 0.0625, 0.1197, 0.1222,
         0.0878],
        [0.0886, 0.0727, 0.0894, 0.1411, 0.1220, 0.0942, 0.0625, 0.1197, 0.1222,
         0.0878],
        [0.0886, 0.0727, 0.0894, 0.1411, 0.1220, 0.0942, 0.0625, 0.1197, 0.1222,
         0.0878],
        [0.0886, 0.0727, 0.0894, 0.1411, 0.1220, 0.0942, 0.0625, 0.1197, 0.1222,
         0.0878],
        [0.0886, 0.0727, 0.0894, 0.1411, 0.1220, 0.0942, 0.0625, 0.1197, 0.1222,
         0.0878],
        [0.0886, 0.0727, 0.0894, 0.1411, 0.1220, 0.0942, 0.0625, 0.1197, 0.1222,
         0.0878],
        [0.0886, 0.0727, 0.0894, 0.1411, 0.1220, 0.0942, 0.0625, 0.1197, 0.1222,
         0.0878],
        [0.0886, 0.0727, 0.0894, 0.1411, 0.1220, 0.0942, 0.0625, 0.1197, 0.1222,
         0.0878],
        [0.0886, 0.0727, 0.0894, 0.1411, 0.1220, 0.0942, 0.0625, 0.1197, 0.1222,
         0.0878],
        [0.0886, 0.0727, 0.0894, 0.1411, 0.1220, 0.0942, 0.0625, 0.1197, 0.1222,
         0.0878],
        [0.0886, 0.0727, 0.0894, 0.1411, 0.1220, 0.0942, 0.0625, 0.1197, 0.1222,
         0.0878],
        [0.0886, 0.0727, 0.0894, 0.1411, 0.1220, 0.0942, 0.0625, 0.1197, 0.1222,
         0.0878],
        [0.0886, 0.0727, 0.0894, 0.1411, 0.1220, 0.0942, 0.0625, 0.1197, 0.1222,
         0.0878],
        [0.0886, 0.0727, 0.0894, 0.1411, 0.1220, 0.0942, 0.0625, 0.1197, 0.1222,
         0.0878],
        [0.0886, 0.0727, 0.0894, 0.1411, 0.1220, 0.0942, 0.0625, 0.1197, 0.1222,
         0.0878],
        [0.0886, 0.0727, 0.0894, 0.1411, 0.1220, 0.0942, 0.0625, 0.1197, 0.1222,
         0.0878],
        [0.0886, 0.0727, 0.0894, 0.1411, 0.1220, 0.0942, 0.0625, 0.1197, 0.1222,
         0.0878],
        [0.0886, 0.0727, 0.0894, 0.1411, 0.1220, 0.0942, 0.0625, 0.1197, 0.1222,
         0.0878],
        [0.0886, 0.0727, 0.0894, 0.1411, 0.1220, 0.0942, 0.0625, 0.1197, 0.1222,
         0.0878],
        [0.0886, 0.0727, 0.0894, 0.1411, 0.1220, 0.0942, 0.0625, 0.1197, 0.1222,
         0.0878],
        [0.0886, 0.0727, 0.0894, 0.1411, 0.1220, 0.0942, 0.0625, 0.1197, 0.1222,
         0.0878],
        [0.0886, 0.0727, 0.0894, 0.1411, 0.1220, 0.0942, 0.0625, 0.1197, 0.1222,
         0.0878],
        [0.0886, 0.0727, 0.0894, 0.1411, 0.1220, 0.0942, 0.0625, 0.1197, 0.1222,
         0.0878],
        [0.0886, 0.0727, 0.0894, 0.1411, 0.1220, 0.0942, 0.0625, 0.1197, 0.1222,
         0.0878],
        [0.0886, 0.0727, 0.0894, 0.1411, 0.1220, 0.0942, 0.0625, 0.1197, 0.1222,
         0.0878]], device='cuda:0', grad_fn=<SoftmaxBackward>)
>> best accuracy: 10.45	best epoch: 5

>> final recovery rate: 20.214814814814815%
>> val epoch: 10
>> current accuracy: 9.950000000000001%
outputs: tensor([[0.1074, 0.1198, 0.0799, 0.1050, 0.0939, 0.0815, 0.1188, 0.0926, 0.1217,
         0.0794],
        [0.1074, 0.1198, 0.0799, 0.1050, 0.0939, 0.0815, 0.1188, 0.0926, 0.1217,
         0.0794],
        [0.1074, 0.1198, 0.0799, 0.1050, 0.0939, 0.0815, 0.1188, 0.0926, 0.1217,
         0.0794],
        [0.1074, 0.1198, 0.0799, 0.1050, 0.0939, 0.0815, 0.1188, 0.0926, 0.1217,
         0.0794],
        [0.1074, 0.1198, 0.0799, 0.1050, 0.0939, 0.0815, 0.1188, 0.0926, 0.1217,
         0.0794],
        [0.1074, 0.1198, 0.0799, 0.1050, 0.0939, 0.0815, 0.1188, 0.0926, 0.1217,
         0.0794],
        [0.1074, 0.1198, 0.0799, 0.1050, 0.0939, 0.0815, 0.1188, 0.0926, 0.1217,
         0.0794],
        [0.1074, 0.1198, 0.0799, 0.1050, 0.0939, 0.0815, 0.1188, 0.0926, 0.1217,
         0.0794],
        [0.1074, 0.1198, 0.0799, 0.1050, 0.0939, 0.0815, 0.1188, 0.0926, 0.1217,
         0.0794],
        [0.1074, 0.1198, 0.0799, 0.1050, 0.0939, 0.0815, 0.1188, 0.0926, 0.1217,
         0.0794],
        [0.1074, 0.1198, 0.0799, 0.1050, 0.0939, 0.0815, 0.1188, 0.0926, 0.1217,
         0.0794],
        [0.1074, 0.1198, 0.0799, 0.1050, 0.0939, 0.0815, 0.1188, 0.0926, 0.1217,
         0.0794],
        [0.1074, 0.1198, 0.0799, 0.1050, 0.0939, 0.0815, 0.1188, 0.0926, 0.1217,
         0.0794],
        [0.1074, 0.1198, 0.0799, 0.1050, 0.0939, 0.0815, 0.1188, 0.0926, 0.1217,
         0.0794],
        [0.1074, 0.1198, 0.0799, 0.1050, 0.0939, 0.0815, 0.1188, 0.0926, 0.1217,
         0.0794],
        [0.1074, 0.1198, 0.0799, 0.1050, 0.0939, 0.0815, 0.1188, 0.0926, 0.1217,
         0.0794],
        [0.1074, 0.1198, 0.0799, 0.1050, 0.0939, 0.0815, 0.1188, 0.0926, 0.1217,
         0.0794],
        [0.1074, 0.1198, 0.0799, 0.1050, 0.0939, 0.0815, 0.1188, 0.0926, 0.1217,
         0.0794],
        [0.1074, 0.1198, 0.0799, 0.1050, 0.0939, 0.0815, 0.1188, 0.0926, 0.1217,
         0.0794],
        [0.1074, 0.1198, 0.0799, 0.1050, 0.0939, 0.0815, 0.1188, 0.0926, 0.1217,
         0.0794],
        [0.1074, 0.1198, 0.0799, 0.1050, 0.0939, 0.0815, 0.1188, 0.0926, 0.1217,
         0.0794],
        [0.1074, 0.1198, 0.0799, 0.1050, 0.0939, 0.0815, 0.1188, 0.0926, 0.1217,
         0.0794],
        [0.1074, 0.1198, 0.0799, 0.1050, 0.0939, 0.0815, 0.1188, 0.0926, 0.1217,
         0.0794],
        [0.1074, 0.1198, 0.0799, 0.1050, 0.0939, 0.0815, 0.1188, 0.0926, 0.1217,
         0.0794],
        [0.1074, 0.1198, 0.0799, 0.1050, 0.0939, 0.0815, 0.1188, 0.0926, 0.1217,
         0.0794],
        [0.1074, 0.1198, 0.0799, 0.1050, 0.0939, 0.0815, 0.1188, 0.0926, 0.1217,
         0.0794],
        [0.1074, 0.1198, 0.0799, 0.1050, 0.0939, 0.0815, 0.1188, 0.0926, 0.1217,
         0.0794],
        [0.1074, 0.1198, 0.0799, 0.1050, 0.0939, 0.0815, 0.1188, 0.0926, 0.1217,
         0.0794],
        [0.1074, 0.1198, 0.0799, 0.1050, 0.0939, 0.0815, 0.1188, 0.0926, 0.1217,
         0.0794],
        [0.1074, 0.1198, 0.0799, 0.1050, 0.0939, 0.0815, 0.1188, 0.0926, 0.1217,
         0.0794],
        [0.1074, 0.1198, 0.0799, 0.1050, 0.0939, 0.0815, 0.1188, 0.0926, 0.1217,
         0.0794],
        [0.1074, 0.1198, 0.0799, 0.1050, 0.0939, 0.0815, 0.1188, 0.0926, 0.1217,
         0.0794],
        [0.1074, 0.1198, 0.0799, 0.1050, 0.0939, 0.0815, 0.1188, 0.0926, 0.1217,
         0.0794],
        [0.1074, 0.1198, 0.0799, 0.1050, 0.0939, 0.0815, 0.1188, 0.0926, 0.1217,
         0.0794],
        [0.1074, 0.1198, 0.0799, 0.1050, 0.0939, 0.0815, 0.1188, 0.0926, 0.1217,
         0.0794],
        [0.1074, 0.1198, 0.0799, 0.1050, 0.0939, 0.0815, 0.1188, 0.0926, 0.1217,
         0.0794],
        [0.1074, 0.1198, 0.0799, 0.1050, 0.0939, 0.0815, 0.1188, 0.0926, 0.1217,
         0.0794],
        [0.1074, 0.1198, 0.0799, 0.1050, 0.0939, 0.0815, 0.1188, 0.0926, 0.1217,
         0.0794],
        [0.1074, 0.1198, 0.0799, 0.1050, 0.0939, 0.0815, 0.1188, 0.0926, 0.1217,
         0.0794],
        [0.1074, 0.1198, 0.0799, 0.1050, 0.0939, 0.0815, 0.1188, 0.0926, 0.1217,
         0.0794],
        [0.1074, 0.1198, 0.0799, 0.1050, 0.0939, 0.0815, 0.1188, 0.0926, 0.1217,
         0.0794],
        [0.1074, 0.1198, 0.0799, 0.1050, 0.0939, 0.0815, 0.1188, 0.0926, 0.1217,
         0.0794],
        [0.1074, 0.1198, 0.0799, 0.1050, 0.0939, 0.0815, 0.1188, 0.0926, 0.1217,
         0.0794],
        [0.1074, 0.1198, 0.0799, 0.1050, 0.0939, 0.0815, 0.1188, 0.0926, 0.1217,
         0.0794],
        [0.1074, 0.1198, 0.0799, 0.1050, 0.0939, 0.0815, 0.1188, 0.0926, 0.1217,
         0.0794],
        [0.1074, 0.1198, 0.0799, 0.1050, 0.0939, 0.0815, 0.1188, 0.0926, 0.1217,
         0.0794],
        [0.1074, 0.1198, 0.0799, 0.1050, 0.0939, 0.0815, 0.1188, 0.0926, 0.1217,
         0.0794],
        [0.1074, 0.1198, 0.0799, 0.1050, 0.0939, 0.0815, 0.1188, 0.0926, 0.1217,
         0.0794]], device='cuda:0', grad_fn=<SoftmaxBackward>)
>> best accuracy: 10.45	best epoch: 5

>> final recovery rate: 20.214814814814815%
