noise type: uniform
noise level: 0.2
when_to_apply_epoch: 25
total clean data num: 35989
probability transition matrix:
[[0.8        0.02222222 0.02222222 0.02222222 0.02222222 0.02222222
  0.02222222 0.02222222 0.02222222 0.02222222]
 [0.02222222 0.8        0.02222222 0.02222222 0.02222222 0.02222222
  0.02222222 0.02222222 0.02222222 0.02222222]
 [0.02222222 0.02222222 0.8        0.02222222 0.02222222 0.02222222
  0.02222222 0.02222222 0.02222222 0.02222222]
 [0.02222222 0.02222222 0.02222222 0.8        0.02222222 0.02222222
  0.02222222 0.02222222 0.02222222 0.02222222]
 [0.02222222 0.02222222 0.02222222 0.02222222 0.8        0.02222222
  0.02222222 0.02222222 0.02222222 0.02222222]
 [0.02222222 0.02222222 0.02222222 0.02222222 0.02222222 0.8
  0.02222222 0.02222222 0.02222222 0.02222222]
 [0.02222222 0.02222222 0.02222222 0.02222222 0.02222222 0.02222222
  0.8        0.02222222 0.02222222 0.02222222]
 [0.02222222 0.02222222 0.02222222 0.02222222 0.02222222 0.02222222
  0.02222222 0.8        0.02222222 0.02222222]
 [0.02222222 0.02222222 0.02222222 0.02222222 0.02222222 0.02222222
  0.02222222 0.02222222 0.8        0.02222222]
 [0.02222222 0.02222222 0.02222222 0.02222222 0.02222222 0.02222222
  0.02222222 0.02222222 0.02222222 0.8       ]]
