noise type: uniform
noise level: 0.6
when_to_apply_epoch: 20
total clean data num: 18047
probability transition matrix:
[[0.4        0.06666667 0.06666667 0.06666667 0.06666667 0.06666667
  0.06666667 0.06666667 0.06666667 0.06666667]
 [0.06666667 0.4        0.06666667 0.06666667 0.06666667 0.06666667
  0.06666667 0.06666667 0.06666667 0.06666667]
 [0.06666667 0.06666667 0.4        0.06666667 0.06666667 0.06666667
  0.06666667 0.06666667 0.06666667 0.06666667]
 [0.06666667 0.06666667 0.06666667 0.4        0.06666667 0.06666667
  0.06666667 0.06666667 0.06666667 0.06666667]
 [0.06666667 0.06666667 0.06666667 0.06666667 0.4        0.06666667
  0.06666667 0.06666667 0.06666667 0.06666667]
 [0.06666667 0.06666667 0.06666667 0.06666667 0.06666667 0.4
  0.06666667 0.06666667 0.06666667 0.06666667]
 [0.06666667 0.06666667 0.06666667 0.06666667 0.06666667 0.06666667
  0.4        0.06666667 0.06666667 0.06666667]
 [0.06666667 0.06666667 0.06666667 0.06666667 0.06666667 0.06666667
  0.06666667 0.4        0.06666667 0.06666667]
 [0.06666667 0.06666667 0.06666667 0.06666667 0.06666667 0.06666667
  0.06666667 0.06666667 0.4        0.06666667]
 [0.06666667 0.06666667 0.06666667 0.06666667 0.06666667 0.06666667
  0.06666667 0.06666667 0.06666667 0.4       ]]
