noise type: uniform
noise level: 0.0
when_to_apply_epoch: 20
total clean data num: 54000
probability transition matrix:
[[1. 0. 0. 0. 0. 0. 0. 0. 0. 0.]
 [0. 1. 0. 0. 0. 0. 0. 0. 0. 0.]
 [0. 0. 1. 0. 0. 0. 0. 0. 0. 0.]
 [0. 0. 0. 1. 0. 0. 0. 0. 0. 0.]
 [0. 0. 0. 0. 1. 0. 0. 0. 0. 0.]
 [0. 0. 0. 0. 0. 1. 0. 0. 0. 0.]
 [0. 0. 0. 0. 0. 0. 1. 0. 0. 0.]
 [0. 0. 0. 0. 0. 0. 0. 1. 0. 0.]
 [0. 0. 0. 0. 0. 0. 0. 0. 1. 0.]
 [0. 0. 0. 0. 0. 0. 0. 0. 0. 1.]]
>> val epoch: 0
>> current accuracy: 96.45%
outputs: tensor([[0.9761, 0.0006, 0.0017, 0.0003, 0.0050, 0.0013, 0.0074, 0.0003, 0.0058,
         0.0016],
        [0.0251, 0.3283, 0.0831, 0.0225, 0.0344, 0.0834, 0.0205, 0.1899, 0.0946,
         0.1182],
        [0.9145, 0.0022, 0.0134, 0.0016, 0.0159, 0.0100, 0.0243, 0.0024, 0.0098,
         0.0059],
        [0.0023, 0.0003, 0.0011, 0.0007, 0.0003, 0.0007, 0.0033, 0.0001, 0.9892,
         0.0020],
        [0.0037, 0.9295, 0.0085, 0.0039, 0.0053, 0.0190, 0.0086, 0.0113, 0.0056,
         0.0046],
        [0.0160, 0.0217, 0.4122, 0.3336, 0.0068, 0.1449, 0.0079, 0.0272, 0.0206,
         0.0092],
        [0.0444, 0.3060, 0.0952, 0.0327, 0.1194, 0.0999, 0.0741, 0.0607, 0.0985,
         0.0692],
        [0.0040, 0.0044, 0.0427, 0.7730, 0.0018, 0.1496, 0.0033, 0.0075, 0.0102,
         0.0035],
        [0.0066, 0.0017, 0.0034, 0.0009, 0.9043, 0.0028, 0.0062, 0.0127, 0.0023,
         0.0592],
        [0.0047, 0.0022, 0.0366, 0.7738, 0.0012, 0.1473, 0.0027, 0.0054, 0.0213,
         0.0048],
        [0.0134, 0.0005, 0.0013, 0.0002, 0.9340, 0.0006, 0.0040, 0.0043, 0.0014,
         0.0401],
        [0.0255, 0.0027, 0.7521, 0.0164, 0.0059, 0.0234, 0.0305, 0.0044, 0.1283,
         0.0107],
        [0.0009, 0.0017, 0.0054, 0.0010, 0.0046, 0.0020, 0.0004, 0.9761, 0.0004,
         0.0077],
        [0.0173, 0.0022, 0.0124, 0.0028, 0.0254, 0.0100, 0.8776, 0.0010, 0.0403,
         0.0110],
        [0.0300, 0.0032, 0.0186, 0.0019, 0.0088, 0.0123, 0.8829, 0.0009, 0.0360,
         0.0054],
        [0.0258, 0.0157, 0.0443, 0.0284, 0.0089, 0.8093, 0.0171, 0.0290, 0.0076,
         0.0139],
        [0.0046, 0.0023, 0.0051, 0.0020, 0.0769, 0.0052, 0.0025, 0.0629, 0.0095,
         0.8289],
        [0.0039, 0.0001, 0.0001, 0.0000, 0.9843, 0.0001, 0.0068, 0.0001, 0.0008,
         0.0038],
        [0.0080, 0.0045, 0.0105, 0.0056, 0.0465, 0.0182, 0.0050, 0.0211, 0.0478,
         0.8327],
        [0.9281, 0.0012, 0.0102, 0.0015, 0.0085, 0.0109, 0.0189, 0.0020, 0.0102,
         0.0084],
        [0.0014, 0.0013, 0.0119, 0.9308, 0.0006, 0.0446, 0.0009, 0.0026, 0.0044,
         0.0015],
        [0.0089, 0.0023, 0.0177, 0.0079, 0.0053, 0.0084, 0.0104, 0.0017, 0.8734,
         0.0640],
        [0.0016, 0.0027, 0.0045, 0.0009, 0.0148, 0.0027, 0.0007, 0.9498, 0.0007,
         0.0218],
        [0.0020, 0.0018, 0.0200, 0.8798, 0.0008, 0.0827, 0.0013, 0.0034, 0.0064,
         0.0018],
        [0.0152, 0.0158, 0.0186, 0.0028, 0.0560, 0.0101, 0.8327, 0.0025, 0.0335,
         0.0127],
        [0.0025, 0.0043, 0.0423, 0.8535, 0.0014, 0.0760, 0.0027, 0.0070, 0.0070,
         0.0031],
        [0.0030, 0.9274, 0.0131, 0.0047, 0.0034, 0.0200, 0.0053, 0.0158, 0.0040,
         0.0032],
        [0.0030, 0.9426, 0.0060, 0.0021, 0.0060, 0.0089, 0.0031, 0.0216, 0.0028,
         0.0040],
        [0.0060, 0.0040, 0.0947, 0.7330, 0.0027, 0.0976, 0.0038, 0.0103, 0.0391,
         0.0088],
        [0.0043, 0.0042, 0.0073, 0.0034, 0.0592, 0.0089, 0.0039, 0.0171, 0.0282,
         0.8635],
        [0.0070, 0.0019, 0.0140, 0.0027, 0.0662, 0.0082, 0.0065, 0.0447, 0.0124,
         0.8363],
        [0.0036, 0.0012, 0.0052, 0.0006, 0.0060, 0.0029, 0.9711, 0.0002, 0.0070,
         0.0020],
        [0.0117, 0.0072, 0.0065, 0.0018, 0.4631, 0.0075, 0.0363, 0.0166, 0.0228,
         0.4267],
        [0.0024, 0.0015, 0.0041, 0.0015, 0.0368, 0.0026, 0.0025, 0.0056, 0.0252,
         0.9178],
        [0.0098, 0.0076, 0.0339, 0.0068, 0.0173, 0.0342, 0.0024, 0.8658, 0.0016,
         0.0205],
        [0.2173, 0.0086, 0.0612, 0.0071, 0.1054, 0.0567, 0.1596, 0.0138, 0.1463,
         0.2240],
        [0.0385, 0.0043, 0.7614, 0.0267, 0.0108, 0.0573, 0.0157, 0.0251, 0.0393,
         0.0208],
        [0.0043, 0.0012, 0.9354, 0.0111, 0.0048, 0.0085, 0.0092, 0.0068, 0.0104,
         0.0081],
        [0.0214, 0.0040, 0.0099, 0.0011, 0.0233, 0.0047, 0.9128, 0.0007, 0.0185,
         0.0035],
        [0.0205, 0.0070, 0.8270, 0.0201, 0.0110, 0.0373, 0.0194, 0.0186, 0.0279,
         0.0113],
        [0.0026, 0.9305, 0.0072, 0.0042, 0.0033, 0.0141, 0.0029, 0.0284, 0.0032,
         0.0036],
        [0.0027, 0.0064, 0.0383, 0.8153, 0.0013, 0.1141, 0.0026, 0.0077, 0.0086,
         0.0030],
        [0.9672, 0.0011, 0.0067, 0.0009, 0.0036, 0.0055, 0.0068, 0.0008, 0.0053,
         0.0022],
        [0.0306, 0.0057, 0.1332, 0.0502, 0.0153, 0.0646, 0.0387, 0.0079, 0.5988,
         0.0550],
        [0.0034, 0.9500, 0.0066, 0.0022, 0.0059, 0.0098, 0.0049, 0.0109, 0.0030,
         0.0032],
        [0.0046, 0.0031, 0.0098, 0.0039, 0.0386, 0.0049, 0.0055, 0.0123, 0.0545,
         0.8629],
        [0.0040, 0.9381, 0.0089, 0.0030, 0.0062, 0.0129, 0.0053, 0.0144, 0.0034,
         0.0038],
        [0.0015, 0.0015, 0.0190, 0.9258, 0.0007, 0.0388, 0.0010, 0.0032, 0.0065,
         0.0019]], device='cuda:0', grad_fn=<SoftmaxBackward>)
>> best accuracy: 96.45	best epoch: 0

>> final recovery rate: 100.0%
>> val epoch: 5
>> current accuracy: 99.0%
outputs: tensor([[2.0067e-04, 8.9446e-05, 2.6946e-05, 2.0875e-03, 9.6720e-06, 9.9710e-01,
         1.8849e-04, 5.3541e-05, 1.5112e-04, 9.1118e-05],
        [1.0336e-03, 5.8429e-04, 3.7755e-04, 2.4872e-03, 6.3461e-05, 9.9256e-01,
         1.5731e-03, 3.2733e-04, 6.0057e-04, 3.8888e-04],
        [3.3740e-04, 2.5903e-04, 3.2941e-04, 1.9403e-04, 7.6087e-04, 8.2528e-04,
         9.9589e-01, 2.9585e-05, 1.1775e-03, 2.0146e-04],
        [3.3716e-04, 3.4446e-04, 9.9126e-01, 2.5010e-03, 4.8369e-04, 1.3427e-04,
         3.8543e-04, 1.3442e-03, 2.5243e-03, 6.8317e-04],
        [1.0834e-04, 6.1676e-05, 2.1600e-04, 1.2183e-04, 6.2104e-04, 1.2066e-04,
         1.6449e-04, 2.4977e-04, 8.5912e-04, 9.9748e-01],
        [2.7801e-04, 2.0217e-04, 2.7088e-04, 4.7922e-04, 1.3028e-03, 1.8180e-03,
         6.2644e-04, 1.2200e-03, 1.3796e-03, 9.9242e-01],
        [4.6274e-05, 3.4585e-05, 6.2343e-04, 1.3236e-03, 2.7186e-05, 2.0060e-05,
         8.5483e-05, 6.0949e-06, 9.9767e-01, 1.6272e-04],
        [9.9414e-01, 2.1786e-04, 5.3822e-04, 1.2152e-04, 1.3197e-03, 3.0531e-04,
         1.2382e-03, 1.8767e-04, 9.7229e-04, 9.5898e-04],
        [9.9682e-01, 1.3649e-04, 2.0290e-04, 9.7492e-05, 3.2847e-04, 3.4783e-04,
         5.1470e-04, 9.2165e-05, 1.1095e-03, 3.5311e-04],
        [9.9726e-01, 1.3480e-04, 1.8062e-04, 8.2016e-05, 2.3389e-04, 4.6612e-04,
         4.8931e-04, 9.4743e-05, 8.7278e-04, 1.8851e-04],
        [1.1400e-03, 4.3167e-04, 3.4494e-04, 2.0712e-04, 9.7663e-01, 2.8524e-04,
         8.7448e-04, 2.8313e-03, 6.9654e-04, 1.6555e-02],
        [4.2870e-05, 9.9912e-01, 6.3667e-05, 7.6181e-05, 1.0156e-04, 1.3484e-04,
         1.3329e-04, 1.2626e-04, 1.5568e-04, 4.6755e-05],
        [6.8083e-05, 5.4594e-05, 2.1508e-04, 9.3065e-04, 2.0486e-05, 6.1765e-05,
         3.8715e-04, 6.1740e-06, 9.9816e-01, 9.5131e-05],
        [2.3221e-04, 2.7716e-04, 9.9609e-01, 1.0730e-03, 2.8652e-04, 2.2115e-04,
         4.8394e-04, 8.5546e-04, 3.0744e-04, 1.7785e-04],
        [1.9661e-05, 7.6485e-05, 9.2211e-05, 9.9889e-01, 1.6167e-05, 4.6780e-04,
         2.7517e-05, 9.3508e-05, 2.6884e-04, 4.3355e-05],
        [9.1131e-05, 9.9830e-01, 9.7840e-05, 8.8011e-05, 1.7195e-04, 3.0415e-04,
         3.8496e-04, 1.8667e-04, 2.7830e-04, 9.9334e-05],
        [6.0236e-05, 5.2762e-05, 7.5812e-05, 3.4089e-04, 1.8752e-05, 2.6813e-04,
         3.8312e-04, 5.5455e-06, 9.9855e-01, 2.4443e-04],
        [8.6845e-04, 1.3352e-03, 1.0486e-03, 2.9925e-04, 9.7016e-01, 3.1208e-04,
         1.0581e-03, 1.5961e-02, 1.0507e-03, 7.9089e-03],
        [9.9760e-01, 1.2489e-04, 7.6192e-05, 3.9015e-05, 8.0128e-04, 1.7768e-04,
         2.0100e-04, 1.6303e-04, 5.3754e-04, 2.7755e-04],
        [3.1585e-06, 1.2356e-05, 3.0703e-05, 9.9981e-01, 3.9600e-06, 3.6586e-05,
         4.6558e-06, 2.8440e-05, 6.3290e-05, 9.5062e-06],
        [9.8568e-01, 2.0829e-03, 1.4553e-03, 4.6404e-04, 3.9662e-03, 1.2317e-03,
         2.1196e-03, 5.9919e-04, 1.4764e-03, 9.2869e-04],
        [8.3373e-05, 9.9855e-01, 1.1578e-04, 1.2275e-04, 1.3215e-04, 2.0517e-04,
         1.6733e-04, 2.6694e-04, 2.5020e-04, 1.0386e-04],
        [1.9846e-03, 8.3281e-04, 9.7378e-01, 1.1946e-02, 7.3644e-04, 1.4922e-03,
         1.6914e-03, 2.1680e-03, 4.0756e-03, 1.2929e-03],
        [1.7558e-04, 1.4234e-04, 2.3523e-04, 6.9586e-04, 1.0024e-03, 2.9344e-04,
         1.5169e-04, 3.3809e-03, 5.0478e-04, 9.9342e-01],
        [6.0349e-04, 1.1523e-03, 9.9217e-01, 2.2166e-03, 2.8703e-04, 2.5113e-04,
         3.6838e-04, 1.3160e-03, 1.4051e-03, 2.2729e-04],
        [1.4043e-04, 4.4692e-05, 1.0454e-05, 7.5112e-06, 9.9869e-01, 8.6151e-06,
         5.6186e-04, 2.3701e-05, 3.4085e-04, 1.7505e-04],
        [1.9329e-04, 8.4598e-05, 1.8970e-04, 3.5027e-04, 1.3360e-03, 2.4912e-04,
         2.1338e-04, 5.0565e-04, 1.3657e-03, 9.9551e-01],
        [3.5689e-04, 2.5421e-04, 4.9357e-04, 5.9540e-04, 4.6017e-03, 3.1568e-04,
         2.8354e-04, 1.5276e-03, 1.5837e-03, 9.8999e-01],
        [1.5279e-04, 1.6828e-04, 7.1508e-05, 8.6023e-04, 2.9841e-05, 9.9750e-01,
         8.7465e-04, 6.9892e-05, 1.5471e-04, 1.1592e-04],
        [3.7892e-05, 3.2662e-04, 9.3208e-05, 8.4463e-05, 2.1400e-04, 9.5485e-05,
         2.2326e-05, 9.9869e-01, 1.8358e-05, 4.2036e-04],
        [2.3342e-04, 2.6113e-04, 9.9068e-01, 3.5515e-03, 4.4188e-04, 3.3002e-04,
         8.0740e-04, 1.4247e-03, 1.5809e-03, 6.9102e-04],
        [1.3686e-04, 5.7462e-05, 1.6246e-04, 3.6176e-05, 3.0753e-04, 1.4231e-04,
         9.9868e-01, 8.1572e-06, 3.4836e-04, 1.1788e-04],
        [1.6846e-05, 1.1991e-04, 1.0414e-04, 6.8058e-05, 1.3537e-04, 2.4566e-05,
         1.0705e-05, 9.9939e-01, 1.0019e-05, 1.1867e-04],
        [8.3761e-05, 9.9835e-01, 1.1440e-04, 1.1681e-04, 1.8448e-04, 2.3715e-04,
         2.6184e-04, 2.3775e-04, 3.2476e-04, 9.2612e-05],
        [5.1930e-04, 3.1600e-04, 1.0243e-04, 3.3702e-03, 2.1292e-05, 9.9427e-01,
         3.0910e-04, 1.6413e-04, 8.3498e-04, 9.5734e-05],
        [4.6656e-02, 1.3545e-02, 9.7162e-03, 4.3465e-03, 6.7741e-03, 1.0981e-02,
         4.3039e-03, 6.2222e-03, 8.5078e-01, 4.6673e-02],
        [2.3851e-04, 7.1937e-05, 2.6645e-05, 1.3923e-05, 9.9892e-01, 1.8456e-05,
         3.5465e-04, 1.5698e-04, 8.6191e-05, 1.1474e-04],
        [4.0746e-05, 2.4535e-04, 2.1105e-04, 1.8562e-04, 3.3090e-04, 6.3348e-05,
         2.2074e-05, 9.9828e-01, 2.2703e-05, 5.9450e-04],
        [2.3519e-04, 1.1197e-04, 1.9094e-04, 1.8928e-04, 9.1339e-04, 1.5357e-04,
         1.5033e-04, 7.7059e-04, 1.6524e-03, 9.9563e-01],
        [3.8831e-04, 1.7957e-04, 9.9397e-01, 4.6167e-04, 1.4495e-03, 1.8718e-04,
         1.2348e-03, 8.7689e-04, 7.8966e-04, 4.6257e-04],
        [3.2857e-03, 3.6700e-03, 2.3656e-03, 3.6884e-04, 9.7774e-01, 6.6347e-04,
         4.6939e-03, 4.2794e-03, 8.7330e-04, 2.0616e-03],
        [1.3092e-03, 2.7645e-04, 1.2547e-04, 8.1621e-04, 4.0710e-05, 9.9476e-01,
         1.2210e-03, 2.3705e-04, 7.8171e-04, 4.2922e-04],
        [1.1341e-04, 1.1876e-04, 1.9642e-04, 1.2230e-04, 2.2802e-03, 6.2852e-05,
         7.0496e-05, 6.9918e-04, 7.1455e-04, 9.9562e-01],
        [1.0932e-03, 9.6841e-04, 9.8395e-01, 5.8162e-03, 5.8480e-04, 1.5347e-03,
         1.1182e-03, 2.3284e-03, 2.0092e-03, 5.9678e-04],
        [2.2257e-04, 2.5427e-04, 2.2482e-04, 3.8108e-05, 3.4375e-04, 2.3943e-04,
         9.9804e-01, 1.5234e-05, 5.4695e-04, 7.8274e-05],
        [7.2486e-05, 9.9847e-01, 1.2704e-04, 1.6108e-04, 1.3123e-04, 2.1159e-04,
         2.3096e-04, 1.4480e-04, 3.8968e-04, 6.5816e-05],
        [1.9181e-04, 8.6306e-05, 9.9743e-01, 9.1146e-04, 1.0097e-04, 1.3271e-04,
         2.7108e-04, 3.5755e-04, 3.6360e-04, 1.5165e-04],
        [9.9791e-01, 5.7626e-05, 6.8570e-05, 4.7954e-05, 3.0944e-04, 1.9818e-04,
         7.6467e-04, 4.7969e-05, 2.4950e-04, 3.4292e-04]],
       device='cuda:0', grad_fn=<SoftmaxBackward>)
>> best accuracy: 99.0	best epoch: 5

>> final recovery rate: 100.0%
>> val epoch: 10
>> current accuracy: 99.16666666666667%
outputs: tensor([[2.3726e-05, 1.2408e-04, 2.3828e-04, 9.9857e-01, 2.5074e-05, 1.9561e-04,
         2.3555e-05, 7.1796e-05, 6.3183e-04, 1.0019e-04],
        [5.6813e-05, 2.6612e-03, 3.7175e-04, 8.3790e-05, 3.2726e-04, 6.3259e-05,
         3.3238e-05, 9.9373e-01, 7.7249e-05, 2.5943e-03],
        [8.4142e-04, 1.0918e-04, 1.2765e-04, 1.3551e-04, 1.3517e-04, 7.7937e-05,
         2.7938e-04, 1.8587e-05, 9.9656e-01, 1.7178e-03],
        [1.2678e-04, 3.3063e-05, 4.8560e-05, 5.6354e-06, 9.9798e-01, 1.1155e-05,
         1.2228e-04, 1.3538e-04, 3.5183e-05, 1.5020e-03],
        [9.9534e-01, 2.5546e-04, 1.5900e-03, 1.2903e-04, 3.3267e-04, 5.9400e-04,
         2.3317e-04, 1.9838e-04, 7.4576e-04, 5.7673e-04],
        [2.7980e-05, 1.4862e-04, 3.3463e-04, 9.9846e-01, 5.2398e-05, 1.9139e-04,
         3.5775e-05, 1.1242e-04, 4.4997e-04, 1.8632e-04],
        [1.5107e-04, 7.1833e-05, 1.1443e-04, 1.2744e-05, 1.4892e-04, 1.0961e-04,
         9.9921e-01, 5.1314e-06, 1.0835e-04, 6.4363e-05],
        [3.6998e-04, 1.4051e-02, 9.7984e-01, 9.9434e-04, 8.0672e-04, 1.9624e-04,
         6.2187e-04, 1.0655e-03, 1.6906e-03, 3.5940e-04],
        [1.4816e-04, 1.3098e-03, 7.6160e-04, 9.8686e-01, 1.4830e-04, 7.3786e-03,
         2.1968e-04, 1.5302e-03, 1.0131e-03, 6.3487e-04],
        [2.6014e-04, 3.5547e-04, 2.9727e-04, 9.8140e-05, 4.0755e-04, 4.1640e-04,
         3.9152e-05, 9.9286e-01, 4.2993e-05, 5.2272e-03],
        [1.2535e-04, 2.0914e-04, 1.0805e-04, 2.0011e-05, 2.4735e-04, 1.5410e-04,
         9.9875e-01, 8.1038e-06, 3.0176e-04, 7.5501e-05],
        [9.9128e-01, 8.7341e-04, 1.0681e-03, 1.0713e-04, 3.6984e-03, 5.0544e-04,
         6.4088e-04, 7.0060e-04, 3.2749e-04, 7.9877e-04],
        [5.8590e-05, 4.9533e-05, 6.0092e-05, 1.0978e-05, 9.9500e-05, 1.6233e-04,
         9.9930e-01, 3.8774e-06, 1.8766e-04, 6.8978e-05],
        [3.4438e-06, 3.4652e-06, 4.9743e-06, 2.3666e-06, 2.5608e-05, 2.3337e-06,
         4.2986e-06, 1.9107e-05, 4.3818e-05, 9.9989e-01],
        [6.0388e-05, 8.4514e-05, 3.9040e-05, 2.1455e-04, 7.3103e-06, 9.9918e-01,
         1.6597e-04, 2.8985e-05, 1.2147e-04, 9.9305e-05],
        [9.9650e-01, 1.9410e-04, 1.5174e-04, 5.9163e-05, 7.8040e-04, 1.9102e-04,
         1.4969e-04, 2.4459e-04, 8.2612e-04, 8.9899e-04],
        [2.9173e-05, 2.9421e-05, 1.2766e-05, 3.0540e-06, 9.9976e-01, 3.5008e-06,
         4.7811e-05, 2.7708e-05, 3.6361e-05, 5.3332e-05],
        [2.5354e-05, 1.4509e-05, 5.0244e-05, 3.9109e-06, 5.8735e-05, 2.4303e-05,
         9.9971e-01, 1.1481e-06, 7.8124e-05, 3.1060e-05],
        [1.6747e-05, 1.7177e-04, 9.3406e-05, 3.3087e-05, 5.6707e-05, 5.3825e-05,
         1.0261e-05, 9.9944e-01, 6.9838e-06, 1.1631e-04],
        [9.8839e-01, 3.2150e-04, 1.3265e-03, 2.1780e-04, 9.8559e-04, 6.5444e-04,
         3.2499e-03, 1.8102e-04, 1.4278e-03, 3.2462e-03],
        [2.9275e-05, 8.4070e-06, 3.3173e-05, 1.1011e-05, 6.5134e-06, 4.4511e-06,
         1.5692e-05, 1.4053e-06, 9.9981e-01, 7.8170e-05],
        [1.7092e-04, 3.2481e-03, 2.0506e-03, 9.8346e-01, 3.0117e-04, 4.6187e-03,
         3.4452e-04, 3.9391e-03, 9.6760e-04, 8.9984e-04],
        [5.3438e-05, 6.1658e-05, 2.1809e-05, 4.6490e-06, 9.9931e-01, 1.0715e-05,
         1.1177e-04, 1.4574e-04, 4.3794e-05, 2.4030e-04],
        [5.2425e-05, 1.6377e-04, 8.5585e-04, 9.9712e-01, 6.6178e-05, 4.3755e-04,
         6.1573e-05, 4.5691e-04, 3.4242e-04, 4.4539e-04],
        [9.9692e-01, 2.7328e-04, 2.4615e-04, 4.3093e-05, 7.2043e-04, 1.4946e-04,
         6.5089e-04, 8.7064e-05, 5.1961e-04, 3.9250e-04],
        [3.3977e-05, 9.9925e-01, 1.2571e-04, 2.6312e-05, 5.0583e-05, 6.3255e-05,
         1.0634e-04, 7.0584e-05, 2.2744e-04, 4.5092e-05],
        [2.6121e-05, 1.4960e-04, 3.5044e-04, 9.9824e-01, 4.1677e-05, 3.6629e-04,
         3.3291e-05, 3.5905e-04, 2.2743e-04, 2.0345e-04],
        [3.6308e-04, 2.1442e-03, 1.3967e-03, 1.8436e-03, 3.9995e-04, 7.9866e-04,
         4.2238e-04, 3.0779e-04, 9.7081e-01, 2.1509e-02],
        [6.4921e-05, 3.9742e-04, 9.9834e-01, 8.6998e-05, 1.1122e-04, 4.3163e-05,
         1.9500e-04, 3.8648e-04, 2.6958e-04, 1.0118e-04],
        [1.2842e-04, 1.2308e-04, 1.6203e-04, 1.5976e-05, 9.9865e-01, 1.9077e-05,
         2.8116e-04, 1.7382e-04, 1.3271e-04, 3.1016e-04],
        [3.0804e-05, 5.8980e-05, 9.9899e-01, 4.0561e-04, 2.8129e-05, 2.2182e-05,
         6.8216e-05, 1.9078e-04, 1.4888e-04, 5.3643e-05],
        [1.0283e-02, 1.9359e-03, 2.3686e-03, 7.1570e-03, 7.4737e-04, 9.1539e-01,
         1.3836e-03, 4.2096e-02, 2.0786e-03, 1.6561e-02],
        [1.5556e-05, 9.9957e-01, 6.9147e-05, 3.7699e-05, 3.9082e-05, 4.8291e-05,
         4.5699e-05, 5.5836e-05, 9.3109e-05, 2.6813e-05],
        [2.3380e-05, 1.0011e-04, 1.6267e-04, 9.9763e-01, 2.6204e-05, 3.7567e-04,
         3.7449e-05, 1.2531e-04, 1.2916e-03, 2.2884e-04],
        [9.9741e-01, 1.1819e-04, 7.4690e-05, 2.3193e-05, 1.0603e-03, 8.7582e-05,
         7.0811e-04, 3.8285e-05, 2.5509e-04, 2.2000e-04],
        [7.8083e-06, 1.1627e-04, 7.8414e-05, 1.6520e-05, 5.0460e-05, 1.1190e-05,
         4.4093e-06, 9.9963e-01, 4.3260e-06, 8.3887e-05],
        [6.0833e-05, 1.7134e-04, 1.5468e-04, 9.9537e-01, 3.9682e-05, 1.6375e-03,
         7.5004e-05, 3.3370e-04, 1.7463e-03, 4.1320e-04],
        [2.8027e-06, 2.3586e-06, 5.5142e-06, 3.4480e-06, 5.6742e-05, 2.0055e-06,
         4.3342e-06, 1.0660e-04, 2.4285e-05, 9.9979e-01],
        [3.6274e-05, 2.5244e-05, 1.5113e-05, 3.0243e-06, 9.9970e-01, 5.6157e-06,
         5.4088e-05, 5.0741e-05, 2.2620e-05, 8.6476e-05],
        [9.9483e-01, 2.5268e-04, 1.2334e-04, 1.0375e-04, 1.4659e-04, 3.0086e-03,
         3.4691e-04, 2.0101e-04, 3.9383e-04, 5.9492e-04],
        [2.3654e-05, 1.2853e-05, 5.4211e-04, 1.5956e-05, 8.8814e-06, 5.4830e-06,
         3.4467e-05, 2.0901e-06, 9.9930e-01, 5.6109e-05],
        [1.3853e-04, 1.4468e-04, 1.7998e-04, 5.1872e-04, 4.4109e-05, 9.9719e-01,
         3.6651e-04, 8.6084e-05, 2.5495e-04, 1.0755e-03],
        [9.1846e-05, 1.4269e-04, 1.0624e-04, 3.7385e-04, 1.4081e-05, 9.9868e-01,
         3.2437e-04, 4.1989e-05, 1.7091e-04, 5.7435e-05],
        [9.9757e-01, 1.9400e-04, 2.3179e-04, 4.3540e-05, 2.3212e-04, 2.2612e-04,
         1.2293e-04, 7.5836e-05, 1.1007e-03, 2.0123e-04],
        [8.0851e-05, 1.1653e-04, 5.0649e-05, 8.4038e-05, 9.9270e-06, 9.9925e-01,
         1.8831e-04, 5.3017e-05, 8.3355e-05, 8.3821e-05],
        [2.9556e-04, 4.1923e-04, 1.0583e-03, 1.2474e-04, 4.0022e-04, 5.4393e-04,
         9.9477e-01, 3.4141e-05, 2.0078e-03, 3.4117e-04],
        [1.0052e-05, 9.9976e-01, 2.1984e-05, 1.5558e-05, 1.9347e-05, 3.4938e-05,
         2.2257e-05, 4.6353e-05, 4.5567e-05, 2.5185e-05],
        [2.2541e-05, 8.6904e-06, 9.9943e-01, 1.4149e-05, 6.3289e-05, 5.8069e-06,
         1.2745e-04, 1.2382e-04, 4.9859e-05, 1.5216e-04]],
       device='cuda:0', grad_fn=<SoftmaxBackward>)
>> best accuracy: 99.16666666666667	best epoch: 10

>> final recovery rate: 100.0%
>> val epoch: 15
>> current accuracy: 99.2%
outputs: tensor([[4.9978e-06, 1.9690e-05, 2.4362e-05, 6.0569e-06, 3.4267e-05, 3.8545e-06,
         1.8083e-06, 9.9987e-01, 1.6465e-06, 3.1858e-05],
        [1.9014e-04, 3.3669e-04, 7.4618e-04, 9.9545e-01, 7.4645e-05, 1.8050e-03,
         9.7406e-05, 3.4971e-04, 7.8286e-04, 1.6600e-04],
        [8.4262e-05, 1.4326e-05, 9.9949e-01, 6.0057e-05, 4.6904e-05, 2.3797e-05,
         8.8463e-05, 6.8863e-05, 6.3368e-05, 5.8091e-05],
        [3.3067e-05, 7.5358e-06, 3.4782e-05, 2.8623e-05, 5.6026e-06, 8.6388e-06,
         1.3004e-05, 9.9691e-07, 9.9982e-01, 4.4871e-05],
        [2.0958e-03, 2.4724e-03, 6.2651e-04, 6.2363e-04, 1.9220e-04, 9.7375e-01,
         1.7425e-02, 6.4668e-04, 1.8644e-03, 2.9970e-04],
        [1.4635e-04, 1.1436e-04, 3.3601e-04, 1.1519e-03, 5.4694e-05, 1.7148e-04,
         8.4271e-05, 2.3429e-05, 9.9742e-01, 4.9294e-04],
        [1.2404e-05, 7.8405e-06, 1.8473e-05, 3.5029e-06, 5.2983e-05, 5.9172e-06,
         9.9968e-01, 8.2958e-07, 1.9102e-04, 3.0215e-05],
        [4.4932e-03, 2.2261e-03, 9.9994e-04, 3.2813e-04, 1.2695e-01, 1.5277e-03,
         8.6022e-01, 8.7918e-04, 9.1723e-04, 1.4526e-03],
        [2.8803e-05, 1.6325e-05, 9.9970e-01, 2.9464e-05, 3.3878e-05, 4.7567e-06,
         1.3119e-05, 3.9727e-05, 1.1200e-04, 1.8836e-05],
        [2.7409e-05, 9.9947e-01, 2.4017e-05, 2.2377e-05, 1.0437e-04, 5.4208e-05,
         4.5977e-05, 1.3681e-04, 7.4936e-05, 3.7011e-05],
        [2.5466e-05, 6.2197e-06, 1.2767e-05, 1.8662e-05, 8.2689e-05, 2.2391e-05,
         1.9073e-05, 1.4061e-05, 3.0490e-04, 9.9949e-01],
        [2.4742e-05, 9.4911e-05, 1.6295e-04, 9.9892e-01, 2.3619e-05, 2.6790e-04,
         2.3346e-05, 2.9744e-04, 1.0755e-04, 8.1894e-05],
        [9.2126e-05, 4.7635e-05, 1.7425e-04, 1.8950e-05, 1.0400e-04, 1.1159e-04,
         9.9915e-01, 5.1558e-06, 2.6025e-04, 3.7559e-05],
        [2.0797e-05, 1.0930e-05, 7.3172e-06, 2.2691e-06, 9.9984e-01, 2.5335e-06,
         1.4288e-05, 7.0853e-05, 1.3221e-05, 1.9428e-05],
        [6.0148e-05, 9.9918e-01, 7.2501e-05, 3.3441e-05, 6.7975e-05, 6.4541e-05,
         6.5179e-05, 7.4309e-05, 3.3368e-04, 4.7831e-05],
        [1.2298e-04, 9.6636e-05, 4.3840e-05, 1.3437e-04, 1.5994e-05, 9.9919e-01,
         9.1684e-05, 8.2520e-05, 3.9536e-05, 1.7745e-04],
        [3.7189e-06, 7.7158e-06, 9.3323e-06, 2.5224e-06, 2.6859e-05, 2.8217e-06,
         1.1536e-06, 9.9992e-01, 8.7815e-07, 2.7570e-05],
        [7.7130e-05, 4.8521e-04, 5.0664e-04, 3.5636e-04, 1.3343e-04, 2.0211e-04,
         3.8232e-05, 9.9796e-01, 3.7174e-05, 2.0436e-04],
        [1.1054e-04, 6.9713e-05, 1.1240e-04, 1.9166e-05, 1.6233e-04, 6.0901e-05,
         9.9917e-01, 7.2113e-06, 2.3435e-04, 5.2308e-05],
        [3.1967e-05, 1.2062e-05, 9.9960e-01, 7.6778e-05, 3.5086e-05, 1.0073e-05,
         3.7736e-05, 3.9703e-05, 1.2511e-04, 3.3561e-05],
        [4.1100e-03, 2.1835e-04, 9.0479e-05, 2.8238e-05, 5.8668e-04, 1.6203e-04,
         9.9375e-01, 1.4555e-05, 9.7599e-04, 6.7236e-05],
        [1.1447e-04, 5.0261e-06, 8.7566e-06, 4.4689e-06, 7.7139e-04, 1.0623e-05,
         4.0656e-05, 5.4078e-05, 6.8265e-05, 9.9892e-01],
        [1.9912e-04, 1.2851e-04, 1.5086e-04, 5.4489e-04, 3.8837e-05, 9.9774e-01,
         3.1664e-04, 1.4821e-04, 1.4069e-04, 5.8992e-04],
        [1.9027e-04, 9.9135e-01, 3.5268e-03, 9.2167e-04, 3.3647e-04, 5.4886e-04,
         4.8368e-04, 1.9278e-03, 4.8341e-04, 2.3454e-04],
        [8.1831e-05, 1.0936e-05, 1.4255e-05, 7.3260e-06, 8.8668e-06, 1.0139e-05,
         2.5740e-05, 1.3794e-06, 9.9979e-01, 4.6091e-05],
        [9.7240e-06, 5.8058e-07, 3.0631e-06, 1.5944e-06, 2.1158e-05, 7.4001e-07,
         3.7445e-06, 5.8549e-06, 2.1067e-05, 9.9993e-01],
        [2.3163e-04, 1.4086e-04, 1.6747e-04, 7.5791e-04, 4.4633e-05, 9.9697e-01,
         4.1257e-04, 2.0158e-04, 2.6236e-04, 8.0988e-04],
        [2.3054e-04, 3.4212e-05, 2.8729e-05, 7.0063e-05, 1.3098e-05, 4.1313e-05,
         2.0185e-05, 9.0463e-06, 9.9939e-01, 1.5894e-04],
        [9.9989e-01, 4.7510e-06, 7.0160e-06, 4.5605e-06, 2.1881e-05, 1.2589e-05,
         1.1608e-05, 4.1686e-06, 1.9613e-05, 2.1702e-05],
        [8.2434e-05, 7.7562e-04, 9.1490e-04, 9.9224e-01, 1.1991e-04, 6.2205e-04,
         1.0299e-04, 4.0475e-03, 5.4278e-04, 5.4875e-04],
        [9.9545e-01, 1.0956e-04, 1.3108e-04, 6.1101e-05, 1.6399e-03, 1.6238e-04,
         1.4869e-04, 1.6854e-04, 1.3228e-04, 1.9927e-03],
        [3.1795e-05, 9.9944e-01, 3.2146e-05, 3.1025e-05, 5.8503e-05, 7.8956e-05,
         4.9183e-05, 1.3224e-04, 9.7714e-05, 4.3690e-05],
        [6.9263e-05, 3.4719e-05, 9.9943e-01, 1.2936e-04, 2.6705e-05, 3.8793e-05,
         4.8210e-05, 9.4691e-05, 8.5463e-05, 3.9975e-05],
        [9.9867e-01, 7.6316e-05, 7.4734e-05, 2.3643e-05, 2.7288e-04, 1.0478e-04,
         2.0371e-04, 4.8685e-05, 1.4408e-04, 3.8316e-04],
        [1.5967e-05, 5.2713e-05, 1.2314e-04, 9.9937e-01, 2.3385e-05, 1.3065e-04,
         1.8590e-05, 7.1569e-05, 1.2619e-04, 6.5091e-05],
        [3.7621e-05, 2.3209e-05, 9.9969e-01, 2.0348e-05, 5.0650e-05, 7.1019e-06,
         3.7657e-05, 7.1228e-05, 4.6465e-05, 1.9365e-05],
        [9.8754e-06, 2.9103e-05, 1.7078e-04, 9.9951e-01, 1.1768e-05, 4.4457e-05,
         1.3547e-05, 2.8247e-05, 1.4078e-04, 3.9261e-05],
        [1.9792e-05, 9.9962e-01, 5.4228e-05, 3.2137e-05, 3.7041e-05, 4.6320e-05,
         2.9535e-05, 8.6932e-05, 5.7186e-05, 2.0993e-05],
        [2.9349e-03, 6.1968e-04, 1.6403e-03, 1.4752e-04, 1.9151e-02, 7.6892e-04,
         9.7291e-01, 1.8016e-04, 5.2067e-04, 1.1226e-03],
        [9.9985e-01, 6.2772e-06, 5.2875e-06, 1.9554e-06, 4.0623e-05, 7.3536e-06,
         4.5211e-05, 2.1987e-06, 2.1684e-05, 1.7525e-05],
        [4.4456e-05, 3.0694e-05, 7.1203e-06, 2.8313e-06, 9.9980e-01, 3.8421e-06,
         2.4242e-05, 2.3253e-05, 2.3291e-05, 3.7883e-05],
        [1.0516e-04, 3.5306e-05, 1.9331e-05, 1.1736e-04, 1.2628e-05, 9.9936e-01,
         1.1719e-04, 2.2964e-05, 1.1327e-04, 1.0005e-04],
        [5.4339e-05, 9.9926e-01, 3.2163e-05, 2.5536e-05, 2.5811e-04, 5.0300e-05,
         8.6368e-05, 7.8535e-05, 1.1115e-04, 4.2841e-05],
        [1.4513e-05, 4.7684e-06, 1.1030e-05, 1.2050e-05, 4.3156e-05, 5.2851e-06,
         6.4646e-06, 1.7723e-05, 2.0037e-04, 9.9968e-01],
        [2.4666e-04, 1.3912e-04, 1.4421e-04, 4.5720e-04, 8.9375e-05, 9.9655e-01,
         5.8182e-04, 2.3517e-04, 1.4563e-04, 1.4132e-03],
        [5.3079e-05, 3.7167e-06, 4.3197e-06, 9.7384e-07, 9.9976e-01, 1.1385e-06,
         8.3863e-05, 5.7901e-06, 1.0212e-05, 7.8874e-05],
        [2.1552e-05, 7.9613e-05, 1.0484e-04, 7.6326e-05, 6.0809e-05, 2.9217e-05,
         8.4745e-06, 9.9950e-01, 7.5746e-06, 1.1630e-04],
        [9.1708e-06, 3.1339e-05, 4.4132e-05, 9.9954e-01, 1.0905e-05, 1.1217e-04,
         1.0883e-05, 6.4526e-05, 1.3359e-04, 3.8449e-05]],
       device='cuda:0', grad_fn=<SoftmaxBackward>)
>> best accuracy: 99.2	best epoch: 15

>> final recovery rate: 100.0%
