noise type: uniform
noise level: 0.4
when_to_apply_epoch: 30
total clean data num: 32427
probability transition matrix:
[[0.6        0.04444444 0.04444444 0.04444444 0.04444444 0.04444444
  0.04444444 0.04444444 0.04444444 0.04444444]
 [0.04444444 0.6        0.04444444 0.04444444 0.04444444 0.04444444
  0.04444444 0.04444444 0.04444444 0.04444444]
 [0.04444444 0.04444444 0.6        0.04444444 0.04444444 0.04444444
  0.04444444 0.04444444 0.04444444 0.04444444]
 [0.04444444 0.04444444 0.04444444 0.6        0.04444444 0.04444444
  0.04444444 0.04444444 0.04444444 0.04444444]
 [0.04444444 0.04444444 0.04444444 0.04444444 0.6        0.04444444
  0.04444444 0.04444444 0.04444444 0.04444444]
 [0.04444444 0.04444444 0.04444444 0.04444444 0.04444444 0.6
  0.04444444 0.04444444 0.04444444 0.04444444]
 [0.04444444 0.04444444 0.04444444 0.04444444 0.04444444 0.04444444
  0.6        0.04444444 0.04444444 0.04444444]
 [0.04444444 0.04444444 0.04444444 0.04444444 0.04444444 0.04444444
  0.04444444 0.6        0.04444444 0.04444444]
 [0.04444444 0.04444444 0.04444444 0.04444444 0.04444444 0.04444444
  0.04444444 0.04444444 0.6        0.04444444]
 [0.04444444 0.04444444 0.04444444 0.04444444 0.04444444 0.04444444
  0.04444444 0.04444444 0.04444444 0.6       ]]
