noise type: uniform
noise level: 0.8
when_to_apply_epoch: 20
total clean data num: 10747
probability transition matrix:
[[0.2        0.08888889 0.08888889 0.08888889 0.08888889 0.08888889
  0.08888889 0.08888889 0.08888889 0.08888889]
 [0.08888889 0.2        0.08888889 0.08888889 0.08888889 0.08888889
  0.08888889 0.08888889 0.08888889 0.08888889]
 [0.08888889 0.08888889 0.2        0.08888889 0.08888889 0.08888889
  0.08888889 0.08888889 0.08888889 0.08888889]
 [0.08888889 0.08888889 0.08888889 0.2        0.08888889 0.08888889
  0.08888889 0.08888889 0.08888889 0.08888889]
 [0.08888889 0.08888889 0.08888889 0.08888889 0.2        0.08888889
  0.08888889 0.08888889 0.08888889 0.08888889]
 [0.08888889 0.08888889 0.08888889 0.08888889 0.08888889 0.2
  0.08888889 0.08888889 0.08888889 0.08888889]
 [0.08888889 0.08888889 0.08888889 0.08888889 0.08888889 0.08888889
  0.2        0.08888889 0.08888889 0.08888889]
 [0.08888889 0.08888889 0.08888889 0.08888889 0.08888889 0.08888889
  0.08888889 0.2        0.08888889 0.08888889]
 [0.08888889 0.08888889 0.08888889 0.08888889 0.08888889 0.08888889
  0.08888889 0.08888889 0.2        0.08888889]
 [0.08888889 0.08888889 0.08888889 0.08888889 0.08888889 0.08888889
  0.08888889 0.08888889 0.08888889 0.2       ]]
>> val epoch: 0
>> current accuracy: 10.35%
outputs: tensor([[0.1142, 0.0999, 0.1169, 0.0923, 0.0954, 0.0927, 0.1005, 0.0990, 0.0970,
         0.0921],
        [0.1139, 0.1002, 0.1167, 0.0924, 0.0955, 0.0925, 0.1012, 0.0985, 0.0965,
         0.0925],
        [0.1140, 0.1001, 0.1168, 0.0924, 0.0955, 0.0926, 0.1010, 0.0987, 0.0966,
         0.0924],
        [0.1140, 0.1002, 0.1167, 0.0924, 0.0955, 0.0925, 0.1011, 0.0986, 0.0966,
         0.0924],
        [0.1140, 0.1001, 0.1167, 0.0924, 0.0955, 0.0926, 0.1011, 0.0986, 0.0966,
         0.0924],
        [0.1141, 0.1000, 0.1168, 0.0923, 0.0954, 0.0927, 0.1007, 0.0989, 0.0968,
         0.0922],
        [0.1142, 0.0978, 0.1201, 0.0900, 0.0991, 0.0909, 0.1034, 0.1003, 0.0938,
         0.0905],
        [0.1144, 0.0998, 0.1170, 0.0921, 0.0954, 0.0928, 0.1001, 0.0993, 0.0973,
         0.0918],
        [0.1139, 0.1002, 0.1167, 0.0925, 0.0955, 0.0925, 0.1012, 0.0985, 0.0965,
         0.0925],
        [0.1139, 0.1002, 0.1167, 0.0924, 0.0955, 0.0925, 0.1012, 0.0985, 0.0965,
         0.0925],
        [0.1141, 0.0981, 0.1201, 0.0905, 0.0993, 0.0907, 0.1038, 0.0998, 0.0936,
         0.0901],
        [0.1139, 0.0993, 0.1179, 0.0919, 0.0962, 0.0919, 0.1018, 0.0993, 0.0959,
         0.0919],
        [0.1432, 0.0931, 0.1153, 0.0718, 0.1210, 0.0798, 0.0916, 0.1207, 0.0896,
         0.0740],
        [0.1139, 0.1002, 0.1167, 0.0924, 0.0955, 0.0925, 0.1011, 0.0986, 0.0965,
         0.0925],
        [0.1139, 0.1002, 0.1167, 0.0925, 0.0955, 0.0925, 0.1012, 0.0985, 0.0965,
         0.0925],
        [0.1139, 0.1002, 0.1167, 0.0925, 0.0955, 0.0925, 0.1012, 0.0985, 0.0965,
         0.0925],
        [0.1140, 0.1001, 0.1168, 0.0924, 0.0955, 0.0926, 0.1010, 0.0986, 0.0966,
         0.0924],
        [0.1140, 0.1001, 0.1168, 0.0924, 0.0955, 0.0926, 0.1009, 0.0988, 0.0967,
         0.0923],
        [0.1263, 0.0976, 0.1165, 0.0830, 0.1070, 0.0867, 0.0972, 0.1071, 0.0945,
         0.0840],
        [0.1139, 0.1002, 0.1167, 0.0924, 0.0955, 0.0925, 0.1012, 0.0985, 0.0965,
         0.0925],
        [0.1141, 0.1000, 0.1168, 0.0923, 0.0955, 0.0927, 0.1007, 0.0989, 0.0969,
         0.0922],
        [0.1139, 0.1002, 0.1167, 0.0924, 0.0955, 0.0925, 0.1012, 0.0985, 0.0965,
         0.0925],
        [0.1139, 0.1002, 0.1167, 0.0924, 0.0955, 0.0925, 0.1012, 0.0985, 0.0965,
         0.0925],
        [0.1140, 0.1001, 0.1168, 0.0924, 0.0955, 0.0926, 0.1010, 0.0986, 0.0966,
         0.0924],
        [0.1141, 0.1002, 0.1167, 0.0923, 0.0955, 0.0926, 0.1011, 0.0986, 0.0966,
         0.0924],
        [0.1142, 0.1001, 0.1168, 0.0922, 0.0955, 0.0927, 0.1008, 0.0988, 0.0968,
         0.0922],
        [0.1143, 0.0998, 0.1170, 0.0920, 0.0955, 0.0928, 0.1003, 0.0992, 0.0971,
         0.0920],
        [0.1142, 0.1001, 0.1168, 0.0923, 0.0955, 0.0927, 0.1008, 0.0988, 0.0967,
         0.0922],
        [0.1142, 0.1001, 0.1168, 0.0923, 0.0955, 0.0927, 0.1007, 0.0988, 0.0968,
         0.0922],
        [0.1141, 0.0986, 0.1189, 0.0911, 0.0975, 0.0914, 0.1022, 0.0995, 0.0953,
         0.0913],
        [0.1141, 0.1001, 0.1168, 0.0923, 0.0955, 0.0926, 0.1010, 0.0987, 0.0966,
         0.0923],
        [0.1141, 0.1002, 0.1167, 0.0923, 0.0955, 0.0926, 0.1010, 0.0986, 0.0966,
         0.0924],
        [0.1140, 0.1002, 0.1167, 0.0924, 0.0955, 0.0926, 0.1011, 0.0986, 0.0966,
         0.0924],
        [0.1214, 0.0938, 0.1200, 0.0849, 0.1055, 0.0892, 0.1017, 0.1014, 0.0959,
         0.0862],
        [0.1142, 0.1001, 0.1168, 0.0923, 0.0955, 0.0926, 0.1008, 0.0987, 0.0967,
         0.0923],
        [0.1141, 0.1002, 0.1168, 0.0923, 0.0955, 0.0926, 0.1010, 0.0987, 0.0966,
         0.0923],
        [0.1144, 0.0999, 0.1169, 0.0921, 0.0955, 0.0928, 0.1002, 0.0992, 0.0972,
         0.0918],
        [0.1145, 0.0999, 0.1169, 0.0920, 0.0955, 0.0928, 0.1002, 0.0992, 0.0972,
         0.0918],
        [0.1141, 0.1001, 0.1168, 0.0923, 0.0955, 0.0926, 0.1009, 0.0987, 0.0967,
         0.0923],
        [0.1141, 0.1002, 0.1167, 0.0923, 0.0955, 0.0926, 0.1010, 0.0986, 0.0966,
         0.0924],
        [0.1141, 0.1001, 0.1168, 0.0923, 0.0955, 0.0926, 0.1009, 0.0987, 0.0967,
         0.0923],
        [0.1141, 0.1002, 0.1167, 0.0923, 0.0955, 0.0926, 0.1010, 0.0986, 0.0966,
         0.0924],
        [0.1140, 0.1002, 0.1167, 0.0924, 0.0955, 0.0926, 0.1011, 0.0986, 0.0965,
         0.0924],
        [0.1144, 0.1000, 0.1169, 0.0921, 0.0955, 0.0928, 0.1004, 0.0991, 0.0970,
         0.0919],
        [0.1153, 0.0996, 0.1176, 0.0908, 0.0975, 0.0917, 0.1020, 0.0983, 0.0961,
         0.0910],
        [0.1144, 0.1000, 0.1169, 0.0921, 0.0955, 0.0928, 0.1004, 0.0991, 0.0970,
         0.0919],
        [0.1141, 0.1001, 0.1168, 0.0923, 0.0955, 0.0926, 0.1009, 0.0987, 0.0967,
         0.0923],
        [0.1189, 0.0952, 0.1195, 0.0872, 0.1025, 0.0909, 0.1022, 0.0990, 0.0964,
         0.0880]], device='cuda:0', grad_fn=<SoftmaxBackward>)
>> best accuracy: 10.35	best epoch: 0

>> final recovery rate: 19.901851851851852%
>> val epoch: 5
>> current accuracy: 20.283333333333335%
outputs: tensor([[0.1079, 0.1154, 0.0929, 0.1015, 0.0934, 0.1014, 0.0881, 0.1023, 0.0938,
         0.1033],
        [0.1008, 0.0932, 0.0992, 0.1072, 0.0959, 0.1037, 0.0975, 0.1061, 0.0969,
         0.0997],
        [0.1008, 0.0932, 0.0992, 0.1072, 0.0959, 0.1037, 0.0975, 0.1061, 0.0969,
         0.0997],
        [0.1008, 0.0932, 0.0992, 0.1072, 0.0959, 0.1037, 0.0975, 0.1061, 0.0969,
         0.0997],
        [0.1008, 0.0933, 0.0991, 0.1072, 0.0959, 0.1036, 0.0975, 0.1061, 0.0969,
         0.0997],
        [0.1008, 0.0932, 0.0992, 0.1072, 0.0959, 0.1037, 0.0975, 0.1061, 0.0969,
         0.0997],
        [0.1008, 0.0932, 0.0992, 0.1072, 0.0959, 0.1037, 0.0975, 0.1061, 0.0969,
         0.0997],
        [0.1008, 0.0932, 0.0992, 0.1072, 0.0959, 0.1037, 0.0975, 0.1061, 0.0969,
         0.0997],
        [0.1008, 0.0932, 0.0992, 0.1072, 0.0959, 0.1037, 0.0975, 0.1061, 0.0969,
         0.0997],
        [0.1175, 0.1549, 0.0834, 0.0925, 0.0886, 0.0969, 0.0750, 0.0958, 0.0883,
         0.1072],
        [0.1029, 0.0991, 0.0974, 0.1056, 0.0952, 0.1031, 0.0947, 0.1051, 0.0961,
         0.1008],
        [0.1008, 0.0932, 0.0992, 0.1072, 0.0959, 0.1037, 0.0975, 0.1061, 0.0969,
         0.0997],
        [0.1008, 0.0932, 0.0992, 0.1072, 0.0959, 0.1037, 0.0975, 0.1061, 0.0969,
         0.0997],
        [0.1063, 0.1098, 0.0944, 0.1028, 0.0940, 0.1020, 0.0902, 0.1033, 0.0946,
         0.1025],
        [0.1008, 0.0932, 0.0992, 0.1072, 0.0959, 0.1037, 0.0975, 0.1061, 0.0969,
         0.0997],
        [0.1176, 0.1554, 0.0832, 0.0924, 0.0885, 0.0968, 0.0749, 0.0957, 0.0883,
         0.1072],
        [0.1046, 0.1044, 0.0959, 0.1042, 0.0946, 0.1026, 0.0924, 0.1042, 0.0954,
         0.1017],
        [0.1008, 0.0932, 0.0992, 0.1072, 0.0959, 0.1037, 0.0975, 0.1061, 0.0969,
         0.0997],
        [0.1008, 0.0932, 0.0992, 0.1072, 0.0959, 0.1037, 0.0975, 0.1061, 0.0969,
         0.0997],
        [0.1008, 0.0932, 0.0992, 0.1072, 0.0959, 0.1037, 0.0975, 0.1061, 0.0969,
         0.0997],
        [0.1190, 0.1626, 0.0817, 0.0909, 0.0876, 0.0959, 0.0729, 0.0945, 0.0873,
         0.1076],
        [0.1008, 0.0932, 0.0992, 0.1072, 0.0959, 0.1037, 0.0975, 0.1061, 0.0969,
         0.0997],
        [0.1008, 0.0932, 0.0992, 0.1072, 0.0959, 0.1037, 0.0975, 0.1061, 0.0969,
         0.0997],
        [0.1008, 0.0932, 0.0992, 0.1072, 0.0959, 0.1037, 0.0975, 0.1061, 0.0969,
         0.0997],
        [0.1192, 0.1632, 0.0815, 0.0907, 0.0876, 0.0959, 0.0726, 0.0944, 0.0872,
         0.1077],
        [0.1008, 0.0932, 0.0992, 0.1072, 0.0959, 0.1037, 0.0975, 0.1061, 0.0969,
         0.0997],
        [0.1008, 0.0932, 0.0992, 0.1072, 0.0959, 0.1037, 0.0975, 0.1061, 0.0969,
         0.0997],
        [0.1008, 0.0932, 0.0992, 0.1072, 0.0959, 0.1037, 0.0975, 0.1061, 0.0969,
         0.0997],
        [0.1008, 0.0932, 0.0992, 0.1072, 0.0959, 0.1037, 0.0975, 0.1061, 0.0969,
         0.0997],
        [0.1008, 0.0932, 0.0992, 0.1072, 0.0959, 0.1037, 0.0975, 0.1061, 0.0969,
         0.0997],
        [0.1008, 0.0932, 0.0992, 0.1072, 0.0959, 0.1037, 0.0975, 0.1061, 0.0969,
         0.0997],
        [0.1201, 0.1683, 0.0804, 0.0897, 0.0869, 0.0953, 0.0713, 0.0936, 0.0865,
         0.1079],
        [0.1019, 0.0965, 0.0982, 0.1063, 0.0955, 0.1034, 0.0959, 0.1055, 0.0965,
         0.1003],
        [0.1008, 0.0932, 0.0992, 0.1072, 0.0959, 0.1037, 0.0975, 0.1061, 0.0969,
         0.0997],
        [0.1008, 0.0932, 0.0992, 0.1072, 0.0959, 0.1037, 0.0975, 0.1061, 0.0969,
         0.0997],
        [0.1008, 0.0932, 0.0992, 0.1072, 0.0959, 0.1037, 0.0975, 0.1061, 0.0969,
         0.0997],
        [0.1008, 0.0932, 0.0992, 0.1072, 0.0959, 0.1037, 0.0975, 0.1061, 0.0969,
         0.0997],
        [0.1008, 0.0932, 0.0992, 0.1072, 0.0959, 0.1037, 0.0975, 0.1061, 0.0969,
         0.0997],
        [0.1208, 0.1721, 0.0797, 0.0889, 0.0864, 0.0948, 0.0703, 0.0930, 0.0859,
         0.1081],
        [0.1008, 0.0932, 0.0992, 0.1072, 0.0959, 0.1037, 0.0975, 0.1061, 0.0969,
         0.0997],
        [0.1008, 0.0932, 0.0992, 0.1072, 0.0959, 0.1037, 0.0975, 0.1061, 0.0969,
         0.0997],
        [0.1008, 0.0932, 0.0992, 0.1072, 0.0959, 0.1037, 0.0975, 0.1061, 0.0969,
         0.0997],
        [0.1008, 0.0932, 0.0992, 0.1072, 0.0959, 0.1037, 0.0975, 0.1061, 0.0969,
         0.0997],
        [0.1008, 0.0932, 0.0992, 0.1072, 0.0959, 0.1037, 0.0975, 0.1061, 0.0969,
         0.0997],
        [0.1008, 0.0932, 0.0992, 0.1072, 0.0959, 0.1037, 0.0975, 0.1061, 0.0969,
         0.0997],
        [0.1008, 0.0932, 0.0992, 0.1072, 0.0959, 0.1037, 0.0975, 0.1061, 0.0969,
         0.0997],
        [0.1008, 0.0932, 0.0992, 0.1072, 0.0959, 0.1037, 0.0975, 0.1061, 0.0969,
         0.0997],
        [0.1008, 0.0932, 0.0992, 0.1072, 0.0959, 0.1037, 0.0975, 0.1061, 0.0969,
         0.0997]], device='cuda:0', grad_fn=<SoftmaxBackward>)
>> best accuracy: 20.283333333333335	best epoch: 5

>> final recovery rate: 19.901851851851852%
>> val epoch: 10
>> current accuracy: 16.633333333333333%
outputs: tensor([[0.1103, 0.1021, 0.1048, 0.0931, 0.0892, 0.0915, 0.1003, 0.0942, 0.1117,
         0.1028],
        [0.1086, 0.1149, 0.1030, 0.0932, 0.0883, 0.0886, 0.0987, 0.0929, 0.1080,
         0.1039],
        [0.1103, 0.1021, 0.1048, 0.0931, 0.0892, 0.0915, 0.1003, 0.0942, 0.1117,
         0.1028],
        [0.1103, 0.1021, 0.1048, 0.0931, 0.0892, 0.0915, 0.1003, 0.0942, 0.1117,
         0.1028],
        [0.1103, 0.1021, 0.1048, 0.0931, 0.0892, 0.0915, 0.1003, 0.0942, 0.1117,
         0.1028],
        [0.1103, 0.1021, 0.1048, 0.0931, 0.0892, 0.0915, 0.1003, 0.0942, 0.1117,
         0.1028],
        [0.1103, 0.1021, 0.1048, 0.0931, 0.0892, 0.0915, 0.1003, 0.0942, 0.1117,
         0.1028],
        [0.1103, 0.1021, 0.1048, 0.0931, 0.0892, 0.0915, 0.1003, 0.0942, 0.1117,
         0.1028],
        [0.1103, 0.1021, 0.1048, 0.0931, 0.0892, 0.0915, 0.1003, 0.0942, 0.1117,
         0.1028],
        [0.1103, 0.1021, 0.1048, 0.0931, 0.0892, 0.0915, 0.1003, 0.0942, 0.1117,
         0.1028],
        [0.1103, 0.1021, 0.1048, 0.0931, 0.0892, 0.0915, 0.1003, 0.0942, 0.1117,
         0.1028],
        [0.1103, 0.1021, 0.1048, 0.0931, 0.0892, 0.0915, 0.1003, 0.0942, 0.1117,
         0.1028],
        [0.1103, 0.1021, 0.1048, 0.0931, 0.0892, 0.0915, 0.1003, 0.0942, 0.1117,
         0.1028],
        [0.0985, 0.1940, 0.0921, 0.0907, 0.0820, 0.0738, 0.0887, 0.0844, 0.0900,
         0.1058],
        [0.1103, 0.1021, 0.1048, 0.0931, 0.0892, 0.0915, 0.1003, 0.0942, 0.1117,
         0.1028],
        [0.0968, 0.2066, 0.0904, 0.0901, 0.0809, 0.0718, 0.0872, 0.0830, 0.0876,
         0.1056],
        [0.1084, 0.1167, 0.1027, 0.0932, 0.0882, 0.0882, 0.0984, 0.0927, 0.1075,
         0.1040],
        [0.1103, 0.1021, 0.1048, 0.0931, 0.0892, 0.0915, 0.1003, 0.0942, 0.1117,
         0.1028],
        [0.1103, 0.1021, 0.1048, 0.0931, 0.0892, 0.0915, 0.1003, 0.0942, 0.1117,
         0.1028],
        [0.1103, 0.1021, 0.1048, 0.0931, 0.0892, 0.0915, 0.1003, 0.0942, 0.1117,
         0.1028],
        [0.1103, 0.1021, 0.1048, 0.0931, 0.0892, 0.0915, 0.1003, 0.0942, 0.1117,
         0.1028],
        [0.0880, 0.2754, 0.0815, 0.0855, 0.0746, 0.0619, 0.0788, 0.0756, 0.0755,
         0.1031],
        [0.1103, 0.1021, 0.1048, 0.0931, 0.0892, 0.0915, 0.1003, 0.0942, 0.1117,
         0.1028],
        [0.0964, 0.2103, 0.0899, 0.0899, 0.0806, 0.0712, 0.0867, 0.0826, 0.0869,
         0.1055],
        [0.1103, 0.1021, 0.1048, 0.0931, 0.0892, 0.0915, 0.1003, 0.0942, 0.1117,
         0.1028],
        [0.1103, 0.1021, 0.1048, 0.0931, 0.0892, 0.0915, 0.1003, 0.0942, 0.1117,
         0.1028],
        [0.1103, 0.1021, 0.1048, 0.0931, 0.0892, 0.0915, 0.1003, 0.0942, 0.1117,
         0.1028],
        [0.1103, 0.1021, 0.1048, 0.0931, 0.0892, 0.0915, 0.1003, 0.0942, 0.1117,
         0.1028],
        [0.1070, 0.1274, 0.1012, 0.0931, 0.0874, 0.0859, 0.0971, 0.0916, 0.1048,
         0.1046],
        [0.1085, 0.1156, 0.1029, 0.0932, 0.0883, 0.0884, 0.0986, 0.0928, 0.1078,
         0.1039],
        [0.0934, 0.2335, 0.0869, 0.0884, 0.0785, 0.0677, 0.0839, 0.0801, 0.0826,
         0.1049],
        [0.0897, 0.2622, 0.0832, 0.0865, 0.0759, 0.0637, 0.0804, 0.0770, 0.0777,
         0.1037],
        [0.1103, 0.1021, 0.1048, 0.0931, 0.0892, 0.0915, 0.1003, 0.0942, 0.1117,
         0.1028],
        [0.1103, 0.1021, 0.1048, 0.0931, 0.0892, 0.0915, 0.1003, 0.0942, 0.1117,
         0.1028],
        [0.1103, 0.1021, 0.1048, 0.0931, 0.0892, 0.0915, 0.1003, 0.0942, 0.1117,
         0.1028],
        [0.1103, 0.1021, 0.1048, 0.0931, 0.0892, 0.0915, 0.1003, 0.0942, 0.1117,
         0.1028],
        [0.1103, 0.1021, 0.1048, 0.0931, 0.0892, 0.0915, 0.1003, 0.0942, 0.1117,
         0.1028],
        [0.1103, 0.1021, 0.1048, 0.0931, 0.0892, 0.0915, 0.1003, 0.0942, 0.1117,
         0.1028],
        [0.1103, 0.1021, 0.1048, 0.0931, 0.0892, 0.0915, 0.1003, 0.0942, 0.1117,
         0.1028],
        [0.1103, 0.1021, 0.1048, 0.0931, 0.0892, 0.0915, 0.1003, 0.0942, 0.1117,
         0.1028],
        [0.1103, 0.1021, 0.1048, 0.0931, 0.0892, 0.0915, 0.1003, 0.0942, 0.1117,
         0.1028],
        [0.1103, 0.1021, 0.1048, 0.0931, 0.0892, 0.0915, 0.1003, 0.0942, 0.1117,
         0.1028],
        [0.1103, 0.1021, 0.1048, 0.0931, 0.0892, 0.0915, 0.1003, 0.0942, 0.1117,
         0.1028],
        [0.1103, 0.1021, 0.1048, 0.0931, 0.0892, 0.0915, 0.1003, 0.0942, 0.1117,
         0.1028],
        [0.1103, 0.1021, 0.1048, 0.0931, 0.0892, 0.0915, 0.1003, 0.0942, 0.1117,
         0.1028],
        [0.0905, 0.2563, 0.0839, 0.0869, 0.0764, 0.0645, 0.0811, 0.0776, 0.0787,
         0.1040],
        [0.1103, 0.1021, 0.1048, 0.0931, 0.0892, 0.0915, 0.1003, 0.0942, 0.1117,
         0.1028],
        [0.1103, 0.1021, 0.1048, 0.0931, 0.0892, 0.0915, 0.1003, 0.0942, 0.1117,
         0.1028]], device='cuda:0', grad_fn=<SoftmaxBackward>)
>> best accuracy: 20.283333333333335	best epoch: 5

>> final recovery rate: 19.901851851851852%
>> val epoch: 15
>> current accuracy: 15.9%
outputs: tensor([[0.0972, 0.0876, 0.0992, 0.0952, 0.1046, 0.0898, 0.0922, 0.1063, 0.1200,
         0.1081],
        [0.0969, 0.1028, 0.0964, 0.0924, 0.1074, 0.0836, 0.0916, 0.1047, 0.1177,
         0.1065],
        [0.0972, 0.0876, 0.0992, 0.0952, 0.1046, 0.0898, 0.0922, 0.1063, 0.1200,
         0.1081],
        [0.0972, 0.0876, 0.0992, 0.0952, 0.1046, 0.0898, 0.0922, 0.1063, 0.1200,
         0.1081],
        [0.0914, 0.1951, 0.0817, 0.0780, 0.1154, 0.0591, 0.0854, 0.0942, 0.1039,
         0.0958],
        [0.0972, 0.0876, 0.0992, 0.0952, 0.1046, 0.0898, 0.0922, 0.1063, 0.1200,
         0.1081],
        [0.0972, 0.0876, 0.0992, 0.0952, 0.1046, 0.0898, 0.0922, 0.1063, 0.1200,
         0.1081],
        [0.0968, 0.1061, 0.0958, 0.0918, 0.1079, 0.0824, 0.0915, 0.1044, 0.1172,
         0.1061],
        [0.0972, 0.0876, 0.0992, 0.0952, 0.1046, 0.0898, 0.0922, 0.1063, 0.1200,
         0.1081],
        [0.0972, 0.0876, 0.0992, 0.0952, 0.1046, 0.0898, 0.0922, 0.1063, 0.1200,
         0.1081],
        [0.0970, 0.0986, 0.0971, 0.0932, 0.1067, 0.0852, 0.0918, 0.1052, 0.1183,
         0.1069],
        [0.0955, 0.1350, 0.0909, 0.0870, 0.1117, 0.0732, 0.0898, 0.1012, 0.1128,
         0.1029],
        [0.0914, 0.1952, 0.0817, 0.0780, 0.1154, 0.0591, 0.0854, 0.0942, 0.1039,
         0.0958],
        [0.0972, 0.0876, 0.0992, 0.0952, 0.1046, 0.0898, 0.0922, 0.1063, 0.1200,
         0.1081],
        [0.0972, 0.0876, 0.0992, 0.0952, 0.1046, 0.0898, 0.0922, 0.1063, 0.1200,
         0.1081],
        [0.0922, 0.1855, 0.0831, 0.0794, 0.1151, 0.0611, 0.0862, 0.0954, 0.1053,
         0.0969],
        [0.0953, 0.1386, 0.0903, 0.0864, 0.1120, 0.0722, 0.0896, 0.1008, 0.1123,
         0.1025],
        [0.0972, 0.0876, 0.0992, 0.0952, 0.1046, 0.0898, 0.0922, 0.1063, 0.1200,
         0.1081],
        [0.0972, 0.0876, 0.0992, 0.0952, 0.1046, 0.0898, 0.0922, 0.1063, 0.1200,
         0.1081],
        [0.0972, 0.0876, 0.0992, 0.0952, 0.1046, 0.0898, 0.0922, 0.1063, 0.1200,
         0.1081],
        [0.0972, 0.0876, 0.0992, 0.0952, 0.1046, 0.0898, 0.0922, 0.1063, 0.1200,
         0.1081],
        [0.0972, 0.0876, 0.0992, 0.0952, 0.1046, 0.0898, 0.0922, 0.1063, 0.1200,
         0.1081],
        [0.0972, 0.0891, 0.0989, 0.0949, 0.1049, 0.0891, 0.0922, 0.1061, 0.1197,
         0.1079],
        [0.0968, 0.1049, 0.0960, 0.0920, 0.1078, 0.0828, 0.0915, 0.1045, 0.1174,
         0.1062],
        [0.0972, 0.0876, 0.0992, 0.0952, 0.1046, 0.0898, 0.0922, 0.1063, 0.1200,
         0.1081],
        [0.0972, 0.0876, 0.0992, 0.0952, 0.1046, 0.0898, 0.0922, 0.1063, 0.1200,
         0.1081],
        [0.0972, 0.0913, 0.0985, 0.0945, 0.1053, 0.0881, 0.0921, 0.1059, 0.1194,
         0.1077],
        [0.0972, 0.0876, 0.0992, 0.0952, 0.1046, 0.0898, 0.0922, 0.1063, 0.1200,
         0.1081],
        [0.0972, 0.0893, 0.0988, 0.0949, 0.1049, 0.0890, 0.0922, 0.1061, 0.1197,
         0.1079],
        [0.0972, 0.0878, 0.0991, 0.0952, 0.1046, 0.0896, 0.0922, 0.1062, 0.1199,
         0.1080],
        [0.0971, 0.0965, 0.0975, 0.0936, 0.1063, 0.0860, 0.0919, 0.1054, 0.1186,
         0.1071],
        [0.0972, 0.0876, 0.0992, 0.0952, 0.1046, 0.0898, 0.0922, 0.1063, 0.1200,
         0.1081],
        [0.0972, 0.0876, 0.0992, 0.0952, 0.1046, 0.0898, 0.0922, 0.1063, 0.1200,
         0.1081],
        [0.0972, 0.0876, 0.0992, 0.0952, 0.1046, 0.0898, 0.0922, 0.1063, 0.1200,
         0.1081],
        [0.0914, 0.1954, 0.0816, 0.0780, 0.1154, 0.0591, 0.0854, 0.0942, 0.1038,
         0.0957],
        [0.0967, 0.1089, 0.0953, 0.0914, 0.1084, 0.0814, 0.0913, 0.1041, 0.1168,
         0.1058],
        [0.0972, 0.0876, 0.0992, 0.0952, 0.1046, 0.0898, 0.0922, 0.1063, 0.1200,
         0.1081],
        [0.0972, 0.0876, 0.0992, 0.0952, 0.1046, 0.0898, 0.0922, 0.1063, 0.1200,
         0.1081],
        [0.0972, 0.0876, 0.0992, 0.0952, 0.1046, 0.0898, 0.0922, 0.1063, 0.1200,
         0.1081],
        [0.0971, 0.0962, 0.0976, 0.0936, 0.1062, 0.0862, 0.0919, 0.1054, 0.1187,
         0.1072],
        [0.0942, 0.1562, 0.0875, 0.0837, 0.1135, 0.0676, 0.0884, 0.0988, 0.1097,
         0.1004],
        [0.0964, 0.1157, 0.0941, 0.0902, 0.1094, 0.0791, 0.0910, 0.1033, 0.1157,
         0.1051],
        [0.0926, 0.1797, 0.0839, 0.0802, 0.1148, 0.0623, 0.0866, 0.0960, 0.1062,
         0.0976],
        [0.0911, 0.1995, 0.0810, 0.0774, 0.1155, 0.0583, 0.0850, 0.0937, 0.1032,
         0.0952],
        [0.0972, 0.0876, 0.0992, 0.0952, 0.1046, 0.0898, 0.0922, 0.1063, 0.1200,
         0.1081],
        [0.0969, 0.1041, 0.0961, 0.0922, 0.1076, 0.0831, 0.0916, 0.1046, 0.1175,
         0.1063],
        [0.0972, 0.0876, 0.0992, 0.0952, 0.1046, 0.0898, 0.0922, 0.1063, 0.1200,
         0.1081],
        [0.0972, 0.0876, 0.0992, 0.0952, 0.1046, 0.0898, 0.0922, 0.1063, 0.1200,
         0.1081]], device='cuda:0', grad_fn=<SoftmaxBackward>)
>> best accuracy: 20.283333333333335	best epoch: 5

>> final recovery rate: 19.901851851851852%
>> val epoch: 20
>> current accuracy: 21.9%
outputs: tensor([[0.0954, 0.1412, 0.0942, 0.0788, 0.1292, 0.0907, 0.1199, 0.0895, 0.0769,
         0.0842],
        [0.1087, 0.0818, 0.1067, 0.0893, 0.0954, 0.1135, 0.1040, 0.1106, 0.0932,
         0.0967],
        [0.1040, 0.1023, 0.1024, 0.0856, 0.1084, 0.1046, 0.1109, 0.1025, 0.0871,
         0.0922],
        [0.0954, 0.1409, 0.0943, 0.0788, 0.1291, 0.0908, 0.1198, 0.0897, 0.0770,
         0.0842],
        [0.1087, 0.0818, 0.1067, 0.0893, 0.0954, 0.1135, 0.1040, 0.1106, 0.0932,
         0.0967],
        [0.1087, 0.0818, 0.1067, 0.0893, 0.0954, 0.1135, 0.1040, 0.1106, 0.0932,
         0.0967],
        [0.1087, 0.0818, 0.1067, 0.0893, 0.0954, 0.1135, 0.1040, 0.1106, 0.0932,
         0.0967],
        [0.1087, 0.0818, 0.1067, 0.0893, 0.0954, 0.1135, 0.1040, 0.1106, 0.0932,
         0.0967],
        [0.0952, 0.1419, 0.0941, 0.0787, 0.1296, 0.0905, 0.1200, 0.0893, 0.0768,
         0.0840],
        [0.1087, 0.0818, 0.1067, 0.0893, 0.0954, 0.1135, 0.1040, 0.1106, 0.0932,
         0.0967],
        [0.1087, 0.0818, 0.1067, 0.0893, 0.0954, 0.1135, 0.1040, 0.1106, 0.0932,
         0.0967],
        [0.1087, 0.0818, 0.1067, 0.0893, 0.0954, 0.1135, 0.1040, 0.1106, 0.0932,
         0.0967],
        [0.1087, 0.0818, 0.1067, 0.0893, 0.0954, 0.1135, 0.1040, 0.1106, 0.0932,
         0.0967],
        [0.1087, 0.0818, 0.1067, 0.0893, 0.0954, 0.1135, 0.1040, 0.1106, 0.0932,
         0.0967],
        [0.1087, 0.0818, 0.1067, 0.0893, 0.0954, 0.1135, 0.1040, 0.1106, 0.0932,
         0.0967],
        [0.1087, 0.0818, 0.1067, 0.0893, 0.0954, 0.1135, 0.1040, 0.1106, 0.0932,
         0.0967],
        [0.1087, 0.0818, 0.1067, 0.0893, 0.0954, 0.1135, 0.1040, 0.1106, 0.0932,
         0.0967],
        [0.1087, 0.0818, 0.1067, 0.0893, 0.0954, 0.1135, 0.1040, 0.1106, 0.0932,
         0.0967],
        [0.1087, 0.0818, 0.1067, 0.0893, 0.0954, 0.1135, 0.1040, 0.1106, 0.0932,
         0.0967],
        [0.1087, 0.0818, 0.1067, 0.0893, 0.0954, 0.1135, 0.1040, 0.1106, 0.0932,
         0.0967],
        [0.1087, 0.0818, 0.1067, 0.0893, 0.0954, 0.1135, 0.1040, 0.1106, 0.0932,
         0.0967],
        [0.1087, 0.0818, 0.1067, 0.0893, 0.0954, 0.1135, 0.1040, 0.1106, 0.0932,
         0.0967],
        [0.1087, 0.0818, 0.1067, 0.0893, 0.0954, 0.1135, 0.1040, 0.1106, 0.0932,
         0.0967],
        [0.1087, 0.0818, 0.1067, 0.0893, 0.0954, 0.1135, 0.1040, 0.1106, 0.0932,
         0.0967],
        [0.1017, 0.1124, 0.1002, 0.0838, 0.1142, 0.1007, 0.1136, 0.0989, 0.0843,
         0.0901],
        [0.1087, 0.0818, 0.1067, 0.0893, 0.0954, 0.1135, 0.1040, 0.1106, 0.0932,
         0.0967],
        [0.1087, 0.0818, 0.1067, 0.0893, 0.0954, 0.1135, 0.1040, 0.1106, 0.0932,
         0.0967],
        [0.0988, 0.1254, 0.0975, 0.0815, 0.1213, 0.0960, 0.1167, 0.0945, 0.0809,
         0.0874],
        [0.1087, 0.0818, 0.1067, 0.0893, 0.0954, 0.1135, 0.1040, 0.1106, 0.0932,
         0.0967],
        [0.0988, 0.1253, 0.0975, 0.0815, 0.1212, 0.0960, 0.1167, 0.0945, 0.0809,
         0.0874],
        [0.1087, 0.0818, 0.1067, 0.0893, 0.0954, 0.1135, 0.1040, 0.1106, 0.0932,
         0.0967],
        [0.1087, 0.0818, 0.1067, 0.0893, 0.0954, 0.1135, 0.1040, 0.1106, 0.0932,
         0.0967],
        [0.1087, 0.0818, 0.1067, 0.0893, 0.0954, 0.1135, 0.1040, 0.1106, 0.0932,
         0.0967],
        [0.1064, 0.0919, 0.1046, 0.0875, 0.1020, 0.1090, 0.1076, 0.1065, 0.0901,
         0.0945],
        [0.1087, 0.0818, 0.1067, 0.0893, 0.0954, 0.1135, 0.1040, 0.1106, 0.0932,
         0.0967],
        [0.1087, 0.0818, 0.1067, 0.0893, 0.0954, 0.1135, 0.1040, 0.1106, 0.0932,
         0.0967],
        [0.1087, 0.0818, 0.1067, 0.0893, 0.0954, 0.1135, 0.1040, 0.1106, 0.0932,
         0.0967],
        [0.1039, 0.1028, 0.1023, 0.0855, 0.1087, 0.1044, 0.1110, 0.1023, 0.0869,
         0.0921],
        [0.1087, 0.0818, 0.1067, 0.0893, 0.0954, 0.1135, 0.1040, 0.1106, 0.0932,
         0.0967],
        [0.1054, 0.0961, 0.1037, 0.0867, 0.1046, 0.1072, 0.1090, 0.1049, 0.0889,
         0.0936],
        [0.1087, 0.0818, 0.1067, 0.0893, 0.0954, 0.1135, 0.1040, 0.1106, 0.0932,
         0.0967],
        [0.1087, 0.0818, 0.1067, 0.0893, 0.0954, 0.1135, 0.1040, 0.1106, 0.0932,
         0.0967],
        [0.1087, 0.0818, 0.1067, 0.0893, 0.0954, 0.1135, 0.1040, 0.1106, 0.0932,
         0.0967],
        [0.1087, 0.0818, 0.1067, 0.0893, 0.0954, 0.1135, 0.1040, 0.1106, 0.0932,
         0.0967],
        [0.1087, 0.0818, 0.1067, 0.0893, 0.0954, 0.1135, 0.1040, 0.1106, 0.0932,
         0.0967],
        [0.0994, 0.1227, 0.0981, 0.0820, 0.1199, 0.0969, 0.1161, 0.0954, 0.0815,
         0.0879],
        [0.1024, 0.1096, 0.1008, 0.0843, 0.1126, 0.1018, 0.1129, 0.0999, 0.0851,
         0.0907],
        [0.1087, 0.0818, 0.1067, 0.0893, 0.0954, 0.1135, 0.1040, 0.1106, 0.0932,
         0.0967]], device='cuda:0', grad_fn=<SoftmaxBackward>)
>> best accuracy: 21.9	best epoch: 20

>> final recovery rate: 19.901851851851852%
>> val epoch: 25
>> current accuracy: 38.56666666666666%
outputs: tensor([[0.0922, 0.0844, 0.0950, 0.1053, 0.1055, 0.1243, 0.1195, 0.0927, 0.0949,
         0.0862],
        [0.0887, 0.1051, 0.0913, 0.1016, 0.1136, 0.1148, 0.1159, 0.0960, 0.0883,
         0.0846],
        [0.0845, 0.0847, 0.0840, 0.0937, 0.1112, 0.1186, 0.1068, 0.1251, 0.0854,
         0.1061],
        [0.0922, 0.0844, 0.0950, 0.1053, 0.1055, 0.1243, 0.1195, 0.0927, 0.0949,
         0.0862],
        [0.0762, 0.0767, 0.0729, 0.0817, 0.1119, 0.1133, 0.0936, 0.1667, 0.0765,
         0.1306],
        [0.0922, 0.0844, 0.0950, 0.1053, 0.1055, 0.1243, 0.1195, 0.0927, 0.0949,
         0.0862],
        [0.0919, 0.0865, 0.0946, 0.1049, 0.1064, 0.1233, 0.1191, 0.0931, 0.0942,
         0.0861],
        [0.0922, 0.0844, 0.0950, 0.1053, 0.1055, 0.1243, 0.1195, 0.0927, 0.0949,
         0.0862],
        [0.0704, 0.0741, 0.0659, 0.0741, 0.1123, 0.1075, 0.0851, 0.1956, 0.0699,
         0.1450],
        [0.0873, 0.0801, 0.0876, 0.0974, 0.1079, 0.1226, 0.1108, 0.1154, 0.0894,
         0.1015],
        [0.0716, 0.0703, 0.0672, 0.0755, 0.1103, 0.1104, 0.0866, 0.1916, 0.0719,
         0.1447],
        [0.0849, 0.1291, 0.0873, 0.0974, 0.1212, 0.1056, 0.1117, 0.0985, 0.0818,
         0.0826],
        [0.0922, 0.0844, 0.0950, 0.1053, 0.1055, 0.1243, 0.1195, 0.0927, 0.0949,
         0.0862],
        [0.0818, 0.1491, 0.0841, 0.0941, 0.1263, 0.0989, 0.1082, 0.0999, 0.0770,
         0.0807],
        [0.0922, 0.0844, 0.0950, 0.1053, 0.1055, 0.1243, 0.1195, 0.0927, 0.0949,
         0.0862],
        [0.0922, 0.0844, 0.0950, 0.1053, 0.1055, 0.1243, 0.1195, 0.0927, 0.0949,
         0.0862],
        [0.0787, 0.1695, 0.0809, 0.0907, 0.1308, 0.0927, 0.1047, 0.1008, 0.0725,
         0.0787],
        [0.0752, 0.1128, 0.0897, 0.0868, 0.1733, 0.1004, 0.1128, 0.0999, 0.0771,
         0.0721],
        [0.0774, 0.0738, 0.0743, 0.0832, 0.1103, 0.1157, 0.0951, 0.1626, 0.0782,
         0.1295],
        [0.0922, 0.0844, 0.0950, 0.1053, 0.1055, 0.1243, 0.1195, 0.0927, 0.0949,
         0.0862],
        [0.0882, 0.0782, 0.0969, 0.1010, 0.1227, 0.1232, 0.1210, 0.0934, 0.0936,
         0.0818],
        [0.0922, 0.0844, 0.0950, 0.1053, 0.1055, 0.1243, 0.1195, 0.0927, 0.0949,
         0.0862],
        [0.0922, 0.0844, 0.0950, 0.1053, 0.1055, 0.1243, 0.1195, 0.0927, 0.0949,
         0.0862],
        [0.0902, 0.0827, 0.0919, 0.1020, 0.1067, 0.1237, 0.1159, 0.1019, 0.0926,
         0.0925],
        [0.0922, 0.0844, 0.0950, 0.1053, 0.1055, 0.1243, 0.1195, 0.0927, 0.0949,
         0.0862],
        [0.0884, 0.1073, 0.0910, 0.1012, 0.1144, 0.1139, 0.1155, 0.0962, 0.0877,
         0.0845],
        [0.0716, 0.1459, 0.0837, 0.0828, 0.1769, 0.0903, 0.1066, 0.1019, 0.0700,
         0.0704],
        [0.0922, 0.0844, 0.0950, 0.1053, 0.1055, 0.1243, 0.1195, 0.0927, 0.0949,
         0.0862],
        [0.0922, 0.0844, 0.0950, 0.1053, 0.1055, 0.1243, 0.1195, 0.0927, 0.0949,
         0.0862],
        [0.0922, 0.0844, 0.0950, 0.1053, 0.1055, 0.1243, 0.1195, 0.0927, 0.0949,
         0.0862],
        [0.0922, 0.0844, 0.0950, 0.1053, 0.1055, 0.1243, 0.1195, 0.0927, 0.0949,
         0.0862],
        [0.0918, 0.0841, 0.0943, 0.1046, 0.1058, 0.1242, 0.1187, 0.0946, 0.0944,
         0.0875],
        [0.0922, 0.0844, 0.0950, 0.1053, 0.1055, 0.1243, 0.1195, 0.0927, 0.0949,
         0.0862],
        [0.0770, 0.0801, 0.0740, 0.0830, 0.1130, 0.1130, 0.0950, 0.1612, 0.0770,
         0.1268],
        [0.0796, 0.0734, 0.0770, 0.0860, 0.1093, 0.1181, 0.0982, 0.1529, 0.0809,
         0.1246],
        [0.0747, 0.0782, 0.0712, 0.0799, 0.1130, 0.1112, 0.0916, 0.1727, 0.0745,
         0.1331],
        [0.0922, 0.0844, 0.0950, 0.1053, 0.1055, 0.1243, 0.1195, 0.0927, 0.0949,
         0.0862],
        [0.0922, 0.0844, 0.0950, 0.1053, 0.1055, 0.1243, 0.1195, 0.0927, 0.0949,
         0.0862],
        [0.0715, 0.0825, 0.0675, 0.0759, 0.1156, 0.1061, 0.0873, 0.1856, 0.0703,
         0.1377],
        [0.0850, 0.0851, 0.0847, 0.0945, 0.1110, 0.1189, 0.1077, 0.1226, 0.0860,
         0.1046],
        [0.0922, 0.0844, 0.0950, 0.1053, 0.1055, 0.1243, 0.1195, 0.0927, 0.0949,
         0.0862],
        [0.0922, 0.0844, 0.0950, 0.1053, 0.1055, 0.1243, 0.1195, 0.0927, 0.0949,
         0.0862],
        [0.0752, 0.0895, 0.0723, 0.0812, 0.1172, 0.1081, 0.0932, 0.1640, 0.0739,
         0.1255],
        [0.0883, 0.0810, 0.0891, 0.0990, 0.1075, 0.1230, 0.1126, 0.1105, 0.0905,
         0.0983],
        [0.0900, 0.0968, 0.0928, 0.1029, 0.1111, 0.1183, 0.1174, 0.0948, 0.0907,
         0.0852],
        [0.0922, 0.0844, 0.0950, 0.1053, 0.1055, 0.1243, 0.1195, 0.0927, 0.0949,
         0.0862],
        [0.0922, 0.0844, 0.0950, 0.1053, 0.1055, 0.1243, 0.1195, 0.0927, 0.0949,
         0.0862],
        [0.0767, 0.1836, 0.0787, 0.0885, 0.1334, 0.0888, 0.1023, 0.1011, 0.0697,
         0.0773]], device='cuda:0', grad_fn=<SoftmaxBackward>)
>> best accuracy: 38.56666666666666	best epoch: 25

>> final recovery rate: 32.22962962962963%
>> val epoch: 30
>> current accuracy: 40.31666666666667%
outputs: tensor([[3.8359e-07, 2.0157e-03, 6.7627e-07, 2.1060e-07, 1.6747e-07, 1.6841e-07,
         7.4950e-08, 9.9798e-01, 1.7284e-07, 1.3630e-07],
        [8.7801e-02, 1.9427e-03, 1.6329e-01, 1.2789e-01, 1.9993e-02, 1.0733e-01,
         9.1657e-02, 4.9628e-02, 2.9054e-01, 5.9913e-02],
        [9.9972e-01, 8.0800e-06, 9.9785e-05, 1.0273e-04, 3.6295e-07, 1.7556e-05,
         7.3812e-06, 7.5622e-06, 3.9244e-05, 1.9595e-06],
        [9.9979e-01, 3.0571e-05, 5.0651e-05, 8.6300e-05, 2.5621e-07, 6.8991e-06,
         5.0374e-06, 9.2995e-06, 2.1059e-05, 9.1841e-07],
        [9.2810e-02, 1.7737e-02, 1.4952e-01, 1.1108e-01, 3.4246e-02, 9.8775e-02,
         1.7394e-01, 4.7943e-02, 2.1090e-01, 6.3054e-02],
        [9.8704e-01, 6.6137e-04, 5.0229e-03, 2.5517e-03, 8.1507e-05, 1.3965e-03,
         8.0057e-04, 3.3134e-04, 1.8876e-03, 2.3141e-04],
        [9.0109e-02, 3.8245e-03, 1.6078e-01, 1.2382e-01, 2.4583e-02, 1.0572e-01,
         1.1193e-01, 5.0000e-02, 2.6751e-01, 6.1716e-02],
        [8.7846e-02, 1.9341e-03, 1.6336e-01, 1.2799e-01, 1.9811e-02, 1.0740e-01,
         9.1646e-02, 4.9558e-02, 2.9059e-01, 5.9871e-02],
        [2.1375e-20, 1.0000e+00, 1.1736e-21, 1.1489e-22, 2.9671e-17, 3.1682e-23,
         1.0358e-19, 2.0449e-13, 2.1851e-23, 1.0790e-25],
        [9.2568e-02, 6.4027e-02, 1.3506e-01, 9.5724e-02, 4.0019e-02, 8.6817e-02,
         2.2549e-01, 4.4005e-02, 1.5851e-01, 5.7772e-02],
        [3.6056e-08, 6.2997e-04, 7.3207e-08, 2.3859e-08, 2.7875e-08, 2.0927e-08,
         1.0492e-08, 9.9937e-01, 2.4182e-08, 1.8288e-08],
        [2.9545e-01, 1.4136e-03, 1.3449e-01, 1.0641e-01, 1.2115e-02, 8.6501e-02,
         7.3108e-02, 2.8088e-02, 2.2102e-01, 4.1396e-02],
        [8.7986e-02, 1.9076e-03, 1.6354e-01, 1.2827e-01, 1.9259e-02, 1.0762e-01,
         9.1612e-02, 4.9342e-02, 2.9072e-01, 5.9741e-02],
        [7.1539e-06, 3.9623e-05, 1.8114e-05, 1.0436e-05, 4.0626e-06, 9.8955e-06,
         3.2425e-06, 9.9987e-01, 1.8748e-05, 1.7782e-05],
        [1.0598e-01, 3.5463e-02, 1.7711e-01, 1.0086e-01, 4.8900e-02, 7.6541e-02,
         1.7701e-01, 4.3031e-02, 1.8804e-01, 4.7080e-02],
        [8.7842e-02, 1.9349e-03, 1.6335e-01, 1.2798e-01, 1.9828e-02, 1.0740e-01,
         9.1647e-02, 4.9564e-02, 2.9058e-01, 5.9875e-02],
        [9.9406e-01, 1.0319e-03, 1.8340e-03, 1.1866e-03, 3.6856e-05, 4.7538e-04,
         4.5515e-04, 1.5277e-04, 6.7868e-04, 8.4504e-05],
        [5.7652e-12, 1.0000e+00, 1.0441e-12, 2.5919e-14, 2.4445e-10, 6.3774e-15,
         2.7211e-12, 6.2223e-09, 1.1118e-14, 9.4064e-17],
        [8.9351e-01, 3.8150e-04, 3.3243e-02, 2.0894e-02, 7.0987e-04, 1.2978e-02,
         5.5901e-03, 3.4240e-03, 2.6225e-02, 3.0485e-03],
        [9.5105e-24, 1.0000e+00, 7.1638e-26, 6.2422e-27, 1.4382e-20, 1.0169e-27,
         9.5282e-24, 2.1999e-15, 8.4677e-28, 1.1932e-30],
        [8.7724e-02, 1.9573e-03, 1.6319e-01, 1.2774e-01, 2.0302e-02, 1.0722e-01,
         9.1675e-02, 4.9745e-02, 2.9046e-01, 5.9984e-02],
        [8.7766e-02, 1.9493e-03, 1.6325e-01, 1.2782e-01, 2.0133e-02, 1.0728e-01,
         9.1665e-02, 4.9681e-02, 2.9051e-01, 5.9945e-02],
        [8.7952e-02, 1.9140e-03, 1.6350e-01, 1.2820e-01, 1.9393e-02, 1.0757e-01,
         9.1621e-02, 4.9395e-02, 2.9069e-01, 5.9773e-02],
        [9.0849e-07, 2.4782e-05, 2.1117e-06, 9.5031e-07, 3.1673e-07, 8.1532e-07,
         1.7396e-07, 9.9997e-01, 1.2423e-06, 1.3683e-06],
        [8.7612e-02, 2.1128e-03, 1.6265e-01, 1.2690e-01, 2.1834e-02, 1.0668e-01,
         9.3067e-02, 5.0226e-02, 2.8853e-01, 6.0388e-02],
        [3.3307e-22, 1.0000e+00, 1.2274e-23, 8.8980e-25, 2.5300e-18, 2.1513e-25,
         6.7030e-22, 4.0054e-15, 1.9578e-25, 2.3893e-28],
        [1.0798e-05, 3.9960e-04, 5.3740e-07, 1.7173e-07, 2.6330e-08, 8.0689e-08,
         9.3185e-09, 9.9959e-01, 8.7551e-08, 4.1881e-08],
        [9.3469e-02, 2.2406e-02, 1.4779e-01, 1.0900e-01, 3.4611e-02, 9.7312e-02,
         1.8419e-01, 4.7289e-02, 2.0152e-01, 6.2418e-02],
        [8.7981e-02, 1.9085e-03, 1.6354e-01, 1.2826e-01, 1.9278e-02, 1.0761e-01,
         9.1613e-02, 4.9349e-02, 2.9072e-01, 5.9746e-02],
        [3.3088e-04, 9.9587e-01, 4.0443e-04, 1.4358e-04, 4.9597e-04, 1.1650e-04,
         2.0953e-03, 3.9400e-04, 1.1393e-04, 3.2498e-05],
        [3.0743e-01, 1.4114e-03, 1.4122e-01, 1.0837e-01, 1.0291e-02, 8.5382e-02,
         6.4338e-02, 2.8943e-02, 2.1467e-01, 3.7949e-02],
        [8.9655e-02, 3.3473e-03, 1.6135e-01, 1.2465e-01, 2.3769e-02, 1.0606e-01,
         1.0756e-01, 5.0016e-02, 2.7218e-01, 6.1422e-02],
        [8.7994e-02, 1.9061e-03, 1.6355e-01, 1.2828e-01, 1.9229e-02, 1.0763e-01,
         9.1610e-02, 4.9330e-02, 2.9073e-01, 5.9734e-02],
        [2.1479e-07, 6.0073e-03, 3.6397e-07, 1.0739e-07, 1.2642e-07, 7.7711e-08,
         3.2793e-08, 9.9399e-01, 7.9523e-08, 5.6207e-08],
        [7.0726e-16, 1.0000e+00, 4.9052e-17, 5.6392e-18, 5.2815e-14, 1.8484e-18,
         7.8591e-16, 3.3734e-11, 1.4072e-18, 9.3393e-21],
        [9.9982e-01, 1.1349e-04, 2.3679e-05, 2.4537e-05, 1.6974e-07, 3.2528e-06,
         3.4569e-06, 2.3268e-06, 5.5830e-06, 3.2424e-07],
        [8.7973e-02, 1.9099e-03, 1.6353e-01, 1.2824e-01, 1.9308e-02, 1.0760e-01,
         9.1615e-02, 4.9361e-02, 2.9071e-01, 5.9753e-02],
        [8.8116e-02, 1.8829e-03, 1.6372e-01, 1.2853e-01, 1.8753e-02, 1.0782e-01,
         9.1578e-02, 4.9138e-02, 2.9085e-01, 5.9618e-02],
        [3.9379e-06, 9.9966e-01, 3.6763e-06, 9.7867e-07, 6.1651e-06, 9.7298e-07,
         1.9498e-05, 3.0289e-04, 7.0543e-07, 1.1312e-07],
        [2.2150e-06, 9.3137e-06, 3.7370e-06, 1.6691e-06, 3.0337e-07, 1.2517e-06,
         1.4992e-07, 9.9998e-01, 2.0371e-06, 1.8001e-06],
        [8.7912e-02, 1.9215e-03, 1.6344e-01, 1.2812e-01, 1.9549e-02, 1.0751e-01,
         9.1630e-02, 4.9456e-02, 2.9065e-01, 5.9810e-02],
        [1.7646e-01, 9.3506e-02, 1.6219e-01, 9.8419e-02, 3.0538e-02, 7.8469e-02,
         1.4121e-01, 4.8222e-02, 1.3243e-01, 3.8558e-02],
        [2.0993e-02, 7.7226e-01, 3.7466e-02, 1.4080e-02, 3.8291e-02, 9.9369e-03,
         6.8483e-02, 1.3532e-02, 2.0012e-02, 4.9431e-03],
        [7.0179e-05, 1.2144e-04, 1.4793e-04, 7.5884e-05, 1.5654e-05, 6.0912e-05,
         1.3912e-05, 9.9931e-01, 1.0578e-04, 7.7911e-05],
        [6.9360e-12, 1.0000e+00, 5.1653e-12, 1.5910e-13, 1.4255e-09, 4.7959e-14,
         1.3951e-11, 6.2599e-09, 7.5325e-14, 9.5307e-16],
        [9.6503e-01, 1.0135e-04, 9.6524e-03, 6.8425e-03, 2.1499e-04, 4.5620e-03,
         2.7802e-03, 7.0152e-04, 8.9869e-03, 1.1246e-03],
        [1.0696e-06, 4.7724e-05, 2.5728e-06, 1.1157e-06, 4.0905e-07, 8.7954e-07,
         1.6073e-07, 9.9994e-01, 1.4926e-06, 8.6905e-07],
        [8.7954e-02, 1.9136e-03, 1.6350e-01, 1.2820e-01, 1.9385e-02, 1.0757e-01,
         9.1620e-02, 4.9391e-02, 2.9069e-01, 5.9771e-02]], device='cuda:0',
       grad_fn=<SoftmaxBackward>)
>> best accuracy: 40.31666666666667	best epoch: 30

>> final recovery rate: 41.03888888888889%
>> val epoch: 35
>> current accuracy: 39.6%
outputs: tensor([[2.8913e-08, 9.9916e-01, 2.1452e-10, 6.8342e-18, 1.4747e-16, 8.5575e-19,
         8.4061e-04, 1.9566e-06, 1.5096e-08, 5.8420e-20],
        [9.9497e-01, 4.9900e-03, 3.9546e-06, 1.2950e-13, 3.5692e-15, 1.1154e-14,
         9.2800e-06, 1.0539e-05, 1.4833e-05, 4.9868e-16],
        [3.9817e-18, 1.0000e+00, 2.5972e-22, 2.1989e-37, 2.4860e-31, 1.2589e-38,
         2.0376e-13, 1.3886e-12, 5.2342e-23, 1.0339e-39],
        [1.0972e-01, 9.0125e-05, 2.1313e-04, 3.8966e-09, 5.6051e-11, 6.4571e-10,
         3.0514e-03, 6.6849e-04, 8.8626e-01, 1.4708e-10],
        [4.9584e-04, 2.1581e-05, 8.1779e-06, 2.1437e-11, 5.0917e-13, 1.7121e-12,
         1.2724e-04, 6.1114e-04, 9.9874e-01, 3.3738e-13],
        [1.8675e-13, 4.4456e-06, 1.2712e-17, 7.3852e-29, 1.3874e-23, 2.4077e-28,
         1.0947e-17, 1.0000e+00, 1.5454e-14, 9.5652e-26],
        [1.1463e-01, 8.8187e-01, 1.4361e-04, 4.1175e-11, 1.0663e-12, 2.7893e-12,
         1.8338e-03, 1.0288e-03, 4.9167e-04, 3.6409e-13],
        [9.9958e-01, 1.3728e-06, 5.4006e-07, 5.3998e-13, 7.8813e-15, 7.3267e-14,
         5.2819e-06, 1.3042e-06, 4.1019e-04, 8.4544e-15],
        [1.0000e+00, 1.8007e-08, 1.3605e-10, 2.8491e-18, 1.7803e-20, 2.2799e-19,
         1.6422e-09, 1.4665e-09, 4.8858e-08, 3.6073e-21],
        [3.9081e-03, 2.6818e-05, 5.3301e-05, 5.2424e-10, 7.1536e-12, 6.5899e-11,
         9.8768e-04, 2.4634e-04, 9.9478e-01, 1.3992e-11],
        [4.0346e-29, 1.0000e+00, 1.1097e-33, 0.0000e+00, 0.0000e+00, 0.0000e+00,
         4.2790e-26, 4.0817e-19, 1.0800e-39, 0.0000e+00],
        [9.9998e-01, 4.1930e-06, 1.0171e-07, 1.2752e-14, 1.3860e-16, 1.2552e-15,
         9.6004e-08, 3.6170e-06, 1.1926e-05, 6.0444e-17],
        [1.0000e+00, 1.4821e-08, 2.8921e-12, 1.1265e-21, 1.5248e-24, 4.1159e-23,
         7.3023e-12, 4.3292e-10, 4.6126e-10, 9.5809e-26],
        [1.0374e-27, 1.0000e+00, 3.2441e-32, 0.0000e+00, 0.0000e+00, 0.0000e+00,
         2.2864e-25, 1.3398e-17, 1.2391e-37, 0.0000e+00],
        [2.2030e-12, 1.7844e-06, 2.2747e-15, 1.7888e-25, 1.7486e-21, 4.6287e-25,
         9.6851e-17, 1.0000e+00, 8.6417e-13, 1.1217e-22],
        [8.2354e-28, 1.0000e+00, 1.1565e-32, 0.0000e+00, 0.0000e+00, 0.0000e+00,
         1.7284e-24, 1.9062e-17, 1.8024e-37, 0.0000e+00],
        [9.9997e-01, 3.3265e-05, 1.9675e-09, 9.0199e-19, 3.7067e-21, 4.2260e-20,
         1.1498e-09, 2.4861e-08, 5.9368e-09, 1.0265e-22],
        [4.5798e-14, 3.5945e-06, 8.8244e-18, 5.3741e-29, 1.8833e-24, 1.5363e-28,
         6.0545e-19, 1.0000e+00, 1.3902e-15, 2.2055e-26],
        [2.3174e-03, 2.9132e-04, 6.3787e-05, 8.7470e-10, 1.5167e-10, 2.0459e-10,
         5.7487e-04, 3.7448e-02, 9.5930e-01, 1.5646e-10],
        [2.6998e-08, 2.7013e-05, 1.7488e-10, 7.1055e-18, 1.0189e-15, 9.6686e-18,
         1.7998e-11, 9.9997e-01, 5.8158e-08, 5.9199e-16],
        [3.0497e-03, 1.8560e-04, 7.0522e-05, 2.4621e-09, 9.7138e-10, 8.4779e-10,
         1.5278e-04, 3.2979e-01, 6.6675e-01, 2.2063e-09],
        [1.9689e-03, 1.9979e-05, 3.6996e-05, 3.3930e-10, 4.1165e-12, 3.8780e-11,
         6.7518e-04, 2.2296e-04, 9.9708e-01, 7.4085e-12],
        [1.9798e-05, 2.1732e-05, 1.3677e-07, 3.0318e-13, 1.7595e-12, 1.5554e-13,
         9.4662e-08, 9.9819e-01, 1.7668e-03, 2.4745e-12],
        [7.3174e-12, 5.6869e-08, 1.4020e-15, 2.7174e-24, 7.5896e-21, 6.4975e-24,
         1.4728e-16, 1.0000e+00, 1.0269e-11, 3.9240e-21],
        [9.9982e-01, 1.2946e-05, 4.0452e-07, 8.8836e-14, 2.9177e-15, 1.3547e-14,
         1.7964e-07, 1.0087e-04, 6.1635e-05, 2.3482e-15],
        [1.7718e-21, 1.0000e+00, 1.0476e-25, 2.8026e-45, 1.2777e-41, 0.0000e+00,
         1.9973e-20, 4.5163e-15, 9.5807e-30, 0.0000e+00],
        [9.9871e-01, 1.0395e-05, 2.0048e-06, 2.9569e-12, 8.7738e-14, 5.1210e-13,
         7.9514e-06, 5.9968e-05, 1.2131e-03, 1.1317e-13],
        [4.5296e-16, 1.0000e+00, 2.4568e-23, 1.4184e-39, 7.2392e-33, 8.3082e-41,
         2.3061e-14, 1.6714e-13, 1.9909e-24, 2.3500e-42],
        [2.1415e-03, 1.1402e-04, 4.4040e-05, 6.9619e-10, 1.0604e-10, 1.6119e-10,
         1.9393e-04, 6.7427e-02, 9.3008e-01, 1.7175e-10],
        [2.0010e-01, 1.4089e-03, 4.4376e-03, 6.4409e-08, 2.7715e-09, 1.4921e-08,
         7.1719e-03, 3.8532e-03, 7.8303e-01, 6.5140e-09],
        [1.3566e-10, 1.0057e-06, 1.1523e-13, 1.6791e-22, 7.3148e-20, 2.4961e-22,
         3.2476e-15, 1.0000e+00, 1.0516e-10, 2.4547e-20],
        [4.8874e-25, 1.0000e+00, 1.6644e-30, 0.0000e+00, 8.2691e-40, 0.0000e+00,
         2.3097e-20, 2.1550e-17, 2.2890e-34, 0.0000e+00],
        [8.4686e-04, 2.0846e-05, 2.1065e-05, 1.6337e-10, 2.8379e-12, 2.0411e-11,
         2.7936e-04, 1.0200e-03, 9.9781e-01, 5.9598e-12],
        [5.5029e-04, 9.5095e-06, 1.5332e-05, 7.6321e-11, 4.5000e-13, 7.0253e-12,
         3.6045e-04, 1.3839e-04, 9.9893e-01, 9.9174e-13],
        [4.2162e-11, 9.9954e-07, 2.8415e-15, 5.0062e-25, 1.7768e-21, 6.2850e-25,
         6.9953e-16, 1.0000e+00, 1.4675e-11, 1.2246e-22],
        [6.9786e-03, 2.2650e-01, 4.1298e-03, 8.0936e-08, 6.9460e-08, 3.9386e-08,
         5.1864e-01, 8.9966e-03, 2.3476e-01, 1.1370e-08],
        [3.9770e-20, 1.0000e+00, 1.4032e-23, 2.4334e-41, 3.8076e-37, 6.5581e-43,
         1.1032e-17, 5.4757e-14, 6.6398e-27, 6.0956e-43],
        [4.8417e-11, 1.7610e-03, 2.0318e-14, 2.0233e-25, 8.7869e-23, 8.7654e-26,
         5.3168e-15, 9.9824e-01, 5.7327e-13, 5.9687e-24],
        [5.4469e-10, 3.2494e-05, 5.2153e-13, 5.3480e-22, 2.0670e-18, 9.1167e-22,
         4.5237e-13, 9.9997e-01, 5.7193e-10, 1.8264e-19],
        [5.7135e-04, 9.7555e-06, 1.6040e-05, 8.2596e-11, 4.9880e-13, 7.6674e-12,
         3.6714e-04, 1.4114e-04, 9.9889e-01, 1.1163e-12],
        [5.1799e-01, 4.6628e-03, 6.4567e-03, 7.3821e-08, 7.3988e-10, 1.3455e-08,
         5.0278e-03, 4.1877e-03, 4.6168e-01, 1.6943e-09],
        [2.7326e-09, 9.9995e-01, 3.8410e-11, 1.7902e-19, 9.6764e-18, 1.7878e-20,
         4.8921e-05, 3.2567e-07, 4.0119e-10, 3.4307e-21],
        [3.4285e-06, 2.4763e-04, 2.1104e-09, 1.2971e-16, 2.7886e-14, 1.5472e-16,
         3.6846e-09, 9.9975e-01, 1.5157e-06, 5.7705e-15],
        [1.7372e-12, 2.3600e-07, 9.9621e-17, 4.1430e-27, 4.1697e-23, 9.8561e-27,
         7.0759e-18, 1.0000e+00, 2.4390e-13, 6.3943e-24],
        [1.3941e-10, 1.7849e-06, 6.8262e-15, 2.2039e-24, 9.5835e-21, 3.1037e-24,
         3.0996e-15, 1.0000e+00, 3.0055e-11, 5.4709e-22],
        [9.8598e-16, 1.0000e+00, 2.8865e-20, 2.5616e-34, 5.4555e-29, 2.7241e-35,
         1.3353e-12, 3.9989e-11, 8.0263e-21, 3.7294e-36],
        [2.8438e-12, 5.1712e-08, 2.8458e-16, 8.1176e-26, 9.5795e-23, 1.2502e-25,
         8.9397e-18, 1.0000e+00, 1.7911e-12, 3.8972e-23],
        [5.3953e-04, 1.8320e-05, 1.3576e-05, 4.6536e-11, 4.4884e-13, 4.0611e-12,
         4.1157e-04, 1.7993e-04, 9.9884e-01, 4.8210e-13]], device='cuda:0',
       grad_fn=<SoftmaxBackward>)
>> best accuracy: 40.31666666666667	best epoch: 30

>> final recovery rate: 39.431481481481484%
