noise type: uniform
noise level: 0.8
when_to_apply_epoch: 10
total clean data num: 10776
probability transition matrix:
[[0.2        0.08888889 0.08888889 0.08888889 0.08888889 0.08888889
  0.08888889 0.08888889 0.08888889 0.08888889]
 [0.08888889 0.2        0.08888889 0.08888889 0.08888889 0.08888889
  0.08888889 0.08888889 0.08888889 0.08888889]
 [0.08888889 0.08888889 0.2        0.08888889 0.08888889 0.08888889
  0.08888889 0.08888889 0.08888889 0.08888889]
 [0.08888889 0.08888889 0.08888889 0.2        0.08888889 0.08888889
  0.08888889 0.08888889 0.08888889 0.08888889]
 [0.08888889 0.08888889 0.08888889 0.08888889 0.2        0.08888889
  0.08888889 0.08888889 0.08888889 0.08888889]
 [0.08888889 0.08888889 0.08888889 0.08888889 0.08888889 0.2
  0.08888889 0.08888889 0.08888889 0.08888889]
 [0.08888889 0.08888889 0.08888889 0.08888889 0.08888889 0.08888889
  0.2        0.08888889 0.08888889 0.08888889]
 [0.08888889 0.08888889 0.08888889 0.08888889 0.08888889 0.08888889
  0.08888889 0.2        0.08888889 0.08888889]
 [0.08888889 0.08888889 0.08888889 0.08888889 0.08888889 0.08888889
  0.08888889 0.08888889 0.2        0.08888889]
 [0.08888889 0.08888889 0.08888889 0.08888889 0.08888889 0.08888889
  0.08888889 0.08888889 0.08888889 0.2       ]]
>> val epoch: 0
>> current accuracy: 11.883333333333333%
outputs: tensor([[0.1026, 0.1204, 0.0815, 0.0967, 0.1073, 0.1031, 0.0854, 0.1054, 0.1013,
         0.0964],
        [0.1024, 0.1210, 0.0812, 0.0970, 0.1072, 0.1031, 0.0850, 0.1050, 0.1015,
         0.0966],
        [0.1087, 0.0980, 0.0911, 0.0895, 0.1102, 0.1021, 0.0931, 0.1234, 0.0966,
         0.0874],
        [0.1156, 0.1214, 0.0773, 0.0944, 0.1200, 0.0970, 0.0747, 0.1145, 0.0873,
         0.0978],
        [0.1143, 0.0875, 0.0940, 0.0849, 0.1113, 0.1006, 0.0941, 0.1425, 0.0907,
         0.0801],
        [0.1024, 0.1210, 0.0813, 0.0969, 0.1072, 0.1031, 0.0850, 0.1051, 0.1014,
         0.0966],
        [0.1082, 0.1022, 0.0878, 0.0917, 0.1102, 0.1017, 0.0890, 0.1248, 0.0962,
         0.0881],
        [0.1024, 0.1210, 0.0812, 0.0970, 0.1072, 0.1031, 0.0850, 0.1050, 0.1015,
         0.0966],
        [0.1529, 0.1350, 0.0633, 0.0851, 0.1530, 0.0809, 0.0473, 0.1171, 0.0563,
         0.1091],
        [0.1024, 0.1208, 0.0813, 0.0969, 0.1072, 0.1031, 0.0851, 0.1052, 0.1014,
         0.0965],
        [0.1055, 0.1112, 0.0854, 0.0936, 0.1089, 0.1029, 0.0889, 0.1113, 0.0994,
         0.0929],
        [0.1024, 0.1210, 0.0812, 0.0970, 0.1072, 0.1031, 0.0850, 0.1050, 0.1015,
         0.0966],
        [0.1050, 0.1129, 0.0847, 0.0940, 0.1086, 0.1029, 0.0884, 0.1100, 0.0998,
         0.0936],
        [0.1029, 0.1196, 0.0819, 0.0963, 0.1074, 0.1031, 0.0858, 0.1059, 0.1011,
         0.0960],
        [0.1024, 0.1210, 0.0812, 0.0970, 0.1072, 0.1031, 0.0850, 0.1050, 0.1015,
         0.0966],
        [0.1024, 0.1210, 0.0812, 0.0970, 0.1072, 0.1031, 0.0850, 0.1050, 0.1015,
         0.0966],
        [0.1052, 0.1124, 0.0850, 0.0939, 0.1088, 0.1029, 0.0886, 0.1102, 0.0996,
         0.0934],
        [0.1024, 0.1210, 0.0812, 0.0970, 0.1072, 0.1031, 0.0850, 0.1050, 0.1015,
         0.0966],
        [0.1085, 0.1138, 0.0826, 0.0942, 0.1136, 0.1008, 0.0844, 0.1125, 0.0951,
         0.0945],
        [0.1051, 0.1126, 0.0849, 0.0938, 0.1086, 0.1029, 0.0887, 0.1102, 0.0997,
         0.0934],
        [0.1024, 0.1210, 0.0812, 0.0970, 0.1072, 0.1031, 0.0850, 0.1050, 0.1015,
         0.0966],
        [0.1024, 0.1210, 0.0812, 0.0970, 0.1072, 0.1031, 0.0850, 0.1050, 0.1015,
         0.0966],
        [0.1150, 0.0806, 0.0973, 0.0822, 0.1111, 0.1002, 0.0933, 0.1536, 0.0888,
         0.0778],
        [0.1084, 0.0994, 0.0905, 0.0900, 0.1106, 0.1022, 0.0925, 0.1208, 0.0969,
         0.0887],
        [0.1076, 0.1018, 0.0893, 0.0909, 0.1097, 0.1023, 0.0917, 0.1203, 0.0976,
         0.0889],
        [0.1058, 0.1074, 0.0867, 0.0934, 0.1095, 0.1025, 0.0889, 0.1151, 0.0989,
         0.0918],
        [0.1078, 0.1002, 0.0901, 0.0909, 0.1118, 0.1019, 0.0906, 0.1191, 0.0969,
         0.0907],
        [0.1024, 0.1210, 0.0812, 0.0970, 0.1072, 0.1031, 0.0850, 0.1050, 0.1015,
         0.0966],
        [0.1025, 0.1206, 0.0814, 0.0968, 0.1072, 0.1031, 0.0852, 0.1053, 0.1014,
         0.0965],
        [0.1041, 0.1169, 0.0821, 0.0965, 0.1094, 0.1026, 0.0855, 0.1077, 0.0995,
         0.0957],
        [0.1024, 0.1210, 0.0812, 0.0970, 0.1072, 0.1031, 0.0850, 0.1050, 0.1015,
         0.0966],
        [0.1024, 0.1210, 0.0812, 0.0970, 0.1072, 0.1031, 0.0850, 0.1050, 0.1015,
         0.0966],
        [0.1024, 0.1210, 0.0812, 0.0970, 0.1072, 0.1031, 0.0850, 0.1050, 0.1015,
         0.0966],
        [0.1141, 0.0815, 0.0978, 0.0822, 0.1099, 0.1009, 0.0951, 0.1500, 0.0902,
         0.0784],
        [0.1046, 0.1140, 0.0842, 0.0945, 0.1085, 0.1029, 0.0879, 0.1094, 0.1000,
         0.0940],
        [0.1052, 0.1108, 0.0855, 0.0939, 0.1092, 0.1026, 0.0885, 0.1115, 0.0995,
         0.0932],
        [0.1082, 0.0980, 0.0903, 0.0899, 0.1082, 0.1024, 0.0920, 0.1286, 0.0968,
         0.0856],
        [0.1024, 0.1210, 0.0812, 0.0970, 0.1072, 0.1031, 0.0850, 0.1050, 0.1015,
         0.0966],
        [0.1024, 0.1210, 0.0812, 0.0970, 0.1072, 0.1031, 0.0850, 0.1050, 0.1015,
         0.0966],
        [0.1050, 0.1115, 0.0852, 0.0940, 0.1089, 0.1027, 0.0884, 0.1113, 0.0997,
         0.0933],
        [0.1026, 0.1204, 0.0815, 0.0967, 0.1073, 0.1031, 0.0854, 0.1054, 0.1013,
         0.0964],
        [0.1526, 0.1449, 0.0598, 0.0854, 0.1526, 0.0796, 0.0454, 0.1149, 0.0552,
         0.1097],
        [0.1024, 0.1210, 0.0812, 0.0970, 0.1072, 0.1031, 0.0850, 0.1050, 0.1015,
         0.0966],
        [0.1043, 0.1151, 0.0838, 0.0947, 0.1082, 0.1030, 0.0877, 0.1087, 0.1002,
         0.0943],
        [0.1100, 0.0905, 0.0943, 0.0871, 0.1098, 0.1019, 0.0939, 0.1335, 0.0947,
         0.0843],
        [0.1024, 0.1210, 0.0812, 0.0970, 0.1072, 0.1031, 0.0850, 0.1050, 0.1015,
         0.0966],
        [0.1077, 0.0994, 0.0901, 0.0907, 0.1097, 0.1023, 0.0914, 0.1236, 0.0971,
         0.0880],
        [0.1025, 0.1207, 0.0814, 0.0968, 0.1072, 0.1031, 0.0852, 0.1053, 0.1014,
         0.0965]], device='cuda:0', grad_fn=<SoftmaxBackward>)
>> best accuracy: 11.883333333333333	best epoch: 0

>> final recovery rate: 19.955555555555556%
>> val epoch: 5
>> current accuracy: 9.15%
outputs: tensor([[0.1050, 0.0874, 0.0836, 0.0837, 0.0964, 0.1191, 0.0916, 0.1164, 0.1128,
         0.1040],
        [0.1050, 0.0874, 0.0836, 0.0837, 0.0964, 0.1191, 0.0916, 0.1164, 0.1128,
         0.1040],
        [0.1050, 0.0874, 0.0836, 0.0837, 0.0964, 0.1191, 0.0916, 0.1164, 0.1128,
         0.1040],
        [0.1050, 0.0874, 0.0836, 0.0837, 0.0964, 0.1191, 0.0916, 0.1164, 0.1128,
         0.1040],
        [0.1050, 0.0874, 0.0836, 0.0837, 0.0964, 0.1191, 0.0916, 0.1164, 0.1128,
         0.1040],
        [0.1050, 0.0874, 0.0836, 0.0837, 0.0964, 0.1191, 0.0916, 0.1164, 0.1128,
         0.1040],
        [0.1050, 0.0874, 0.0836, 0.0837, 0.0964, 0.1191, 0.0916, 0.1164, 0.1128,
         0.1040],
        [0.1050, 0.0874, 0.0836, 0.0837, 0.0964, 0.1191, 0.0916, 0.1164, 0.1128,
         0.1040],
        [0.1050, 0.0874, 0.0836, 0.0837, 0.0964, 0.1191, 0.0916, 0.1164, 0.1128,
         0.1040],
        [0.1050, 0.0874, 0.0836, 0.0837, 0.0964, 0.1191, 0.0916, 0.1164, 0.1128,
         0.1040],
        [0.1050, 0.0874, 0.0836, 0.0837, 0.0964, 0.1191, 0.0916, 0.1164, 0.1128,
         0.1040],
        [0.1050, 0.0874, 0.0836, 0.0837, 0.0964, 0.1191, 0.0916, 0.1164, 0.1128,
         0.1040],
        [0.1050, 0.0874, 0.0836, 0.0837, 0.0964, 0.1191, 0.0916, 0.1164, 0.1128,
         0.1040],
        [0.1050, 0.0874, 0.0836, 0.0837, 0.0964, 0.1191, 0.0916, 0.1164, 0.1128,
         0.1040],
        [0.1050, 0.0874, 0.0836, 0.0837, 0.0964, 0.1191, 0.0916, 0.1164, 0.1128,
         0.1040],
        [0.1050, 0.0874, 0.0836, 0.0837, 0.0964, 0.1191, 0.0916, 0.1164, 0.1128,
         0.1040],
        [0.1050, 0.0874, 0.0836, 0.0837, 0.0964, 0.1191, 0.0916, 0.1164, 0.1128,
         0.1040],
        [0.1050, 0.0874, 0.0836, 0.0837, 0.0964, 0.1191, 0.0916, 0.1164, 0.1128,
         0.1040],
        [0.1050, 0.0874, 0.0836, 0.0837, 0.0964, 0.1191, 0.0916, 0.1164, 0.1128,
         0.1040],
        [0.1050, 0.0874, 0.0836, 0.0837, 0.0964, 0.1191, 0.0916, 0.1164, 0.1128,
         0.1040],
        [0.1050, 0.0874, 0.0836, 0.0837, 0.0964, 0.1191, 0.0916, 0.1164, 0.1128,
         0.1040],
        [0.1050, 0.0874, 0.0836, 0.0837, 0.0964, 0.1191, 0.0916, 0.1164, 0.1128,
         0.1040],
        [0.1050, 0.0874, 0.0836, 0.0837, 0.0964, 0.1191, 0.0916, 0.1164, 0.1128,
         0.1040],
        [0.1050, 0.0874, 0.0836, 0.0837, 0.0964, 0.1191, 0.0916, 0.1164, 0.1128,
         0.1040],
        [0.1050, 0.0874, 0.0836, 0.0837, 0.0964, 0.1191, 0.0916, 0.1164, 0.1128,
         0.1040],
        [0.1050, 0.0874, 0.0836, 0.0837, 0.0964, 0.1191, 0.0916, 0.1164, 0.1128,
         0.1040],
        [0.1050, 0.0874, 0.0836, 0.0837, 0.0964, 0.1191, 0.0916, 0.1164, 0.1128,
         0.1040],
        [0.1050, 0.0874, 0.0836, 0.0837, 0.0964, 0.1191, 0.0916, 0.1164, 0.1128,
         0.1040],
        [0.1050, 0.0874, 0.0836, 0.0837, 0.0964, 0.1191, 0.0916, 0.1164, 0.1128,
         0.1040],
        [0.1050, 0.0874, 0.0836, 0.0837, 0.0964, 0.1191, 0.0916, 0.1164, 0.1128,
         0.1040],
        [0.1050, 0.0874, 0.0836, 0.0837, 0.0964, 0.1191, 0.0916, 0.1164, 0.1128,
         0.1040],
        [0.1050, 0.0874, 0.0836, 0.0837, 0.0964, 0.1191, 0.0916, 0.1164, 0.1128,
         0.1040],
        [0.1050, 0.0874, 0.0836, 0.0837, 0.0964, 0.1191, 0.0916, 0.1164, 0.1128,
         0.1040],
        [0.1050, 0.0874, 0.0836, 0.0837, 0.0964, 0.1191, 0.0916, 0.1164, 0.1128,
         0.1040],
        [0.1050, 0.0874, 0.0836, 0.0837, 0.0964, 0.1191, 0.0916, 0.1164, 0.1128,
         0.1040],
        [0.1050, 0.0874, 0.0836, 0.0837, 0.0964, 0.1191, 0.0916, 0.1164, 0.1128,
         0.1040],
        [0.1050, 0.0874, 0.0836, 0.0837, 0.0964, 0.1191, 0.0916, 0.1164, 0.1128,
         0.1040],
        [0.1050, 0.0874, 0.0836, 0.0837, 0.0964, 0.1191, 0.0916, 0.1164, 0.1128,
         0.1040],
        [0.1050, 0.0874, 0.0836, 0.0837, 0.0964, 0.1191, 0.0916, 0.1164, 0.1128,
         0.1040],
        [0.1050, 0.0874, 0.0836, 0.0837, 0.0964, 0.1191, 0.0916, 0.1164, 0.1128,
         0.1040],
        [0.1050, 0.0874, 0.0836, 0.0837, 0.0964, 0.1191, 0.0916, 0.1164, 0.1128,
         0.1040],
        [0.1050, 0.0874, 0.0836, 0.0837, 0.0964, 0.1191, 0.0916, 0.1164, 0.1128,
         0.1040],
        [0.1050, 0.0874, 0.0836, 0.0837, 0.0964, 0.1191, 0.0916, 0.1164, 0.1128,
         0.1040],
        [0.1050, 0.0874, 0.0836, 0.0837, 0.0964, 0.1191, 0.0916, 0.1164, 0.1128,
         0.1040],
        [0.1050, 0.0874, 0.0836, 0.0837, 0.0964, 0.1191, 0.0916, 0.1164, 0.1128,
         0.1040],
        [0.1050, 0.0874, 0.0836, 0.0837, 0.0964, 0.1191, 0.0916, 0.1164, 0.1128,
         0.1040],
        [0.1050, 0.0874, 0.0836, 0.0837, 0.0964, 0.1191, 0.0916, 0.1164, 0.1128,
         0.1040],
        [0.1050, 0.0874, 0.0836, 0.0837, 0.0964, 0.1191, 0.0916, 0.1164, 0.1128,
         0.1040]], device='cuda:0', grad_fn=<SoftmaxBackward>)
>> best accuracy: 11.883333333333333	best epoch: 0

>> final recovery rate: 19.955555555555556%
>> val epoch: 10
>> current accuracy: 9.516666666666666%
outputs: tensor([[0.1020, 0.1069, 0.0741, 0.1102, 0.1006, 0.1030, 0.1088, 0.0986, 0.0963,
         0.0995],
        [0.1020, 0.1069, 0.0741, 0.1102, 0.1006, 0.1030, 0.1088, 0.0986, 0.0963,
         0.0995],
        [0.1020, 0.1069, 0.0741, 0.1102, 0.1006, 0.1030, 0.1088, 0.0986, 0.0963,
         0.0995],
        [0.1020, 0.1069, 0.0741, 0.1102, 0.1006, 0.1030, 0.1088, 0.0986, 0.0963,
         0.0995],
        [0.1020, 0.1069, 0.0741, 0.1102, 0.1006, 0.1030, 0.1088, 0.0986, 0.0963,
         0.0995],
        [0.1020, 0.1069, 0.0741, 0.1102, 0.1006, 0.1030, 0.1088, 0.0986, 0.0963,
         0.0995],
        [0.1020, 0.1069, 0.0741, 0.1102, 0.1006, 0.1030, 0.1088, 0.0986, 0.0963,
         0.0995],
        [0.1020, 0.1069, 0.0741, 0.1102, 0.1006, 0.1030, 0.1088, 0.0986, 0.0963,
         0.0995],
        [0.1020, 0.1069, 0.0741, 0.1102, 0.1006, 0.1030, 0.1088, 0.0986, 0.0963,
         0.0995],
        [0.1020, 0.1069, 0.0741, 0.1102, 0.1006, 0.1030, 0.1088, 0.0986, 0.0963,
         0.0995],
        [0.1020, 0.1069, 0.0741, 0.1102, 0.1006, 0.1030, 0.1088, 0.0986, 0.0963,
         0.0995],
        [0.1020, 0.1069, 0.0741, 0.1102, 0.1006, 0.1030, 0.1088, 0.0986, 0.0963,
         0.0995],
        [0.1020, 0.1069, 0.0741, 0.1102, 0.1006, 0.1030, 0.1088, 0.0986, 0.0963,
         0.0995],
        [0.1020, 0.1069, 0.0741, 0.1102, 0.1006, 0.1030, 0.1088, 0.0986, 0.0963,
         0.0995],
        [0.1020, 0.1069, 0.0741, 0.1102, 0.1006, 0.1030, 0.1088, 0.0986, 0.0963,
         0.0995],
        [0.1020, 0.1069, 0.0741, 0.1102, 0.1006, 0.1030, 0.1088, 0.0986, 0.0963,
         0.0995],
        [0.1020, 0.1069, 0.0741, 0.1102, 0.1006, 0.1030, 0.1088, 0.0986, 0.0963,
         0.0995],
        [0.1020, 0.1069, 0.0741, 0.1102, 0.1006, 0.1030, 0.1088, 0.0986, 0.0963,
         0.0995],
        [0.1020, 0.1069, 0.0741, 0.1102, 0.1006, 0.1030, 0.1088, 0.0986, 0.0963,
         0.0995],
        [0.1020, 0.1069, 0.0741, 0.1102, 0.1006, 0.1030, 0.1088, 0.0986, 0.0963,
         0.0995],
        [0.1020, 0.1069, 0.0741, 0.1102, 0.1006, 0.1030, 0.1088, 0.0986, 0.0963,
         0.0995],
        [0.1020, 0.1069, 0.0741, 0.1102, 0.1006, 0.1030, 0.1088, 0.0986, 0.0963,
         0.0995],
        [0.1020, 0.1069, 0.0741, 0.1102, 0.1006, 0.1030, 0.1088, 0.0986, 0.0963,
         0.0995],
        [0.1020, 0.1069, 0.0741, 0.1102, 0.1006, 0.1030, 0.1088, 0.0986, 0.0963,
         0.0995],
        [0.1020, 0.1069, 0.0741, 0.1102, 0.1006, 0.1030, 0.1088, 0.0986, 0.0963,
         0.0995],
        [0.1020, 0.1069, 0.0741, 0.1102, 0.1006, 0.1030, 0.1088, 0.0986, 0.0963,
         0.0995],
        [0.1020, 0.1069, 0.0741, 0.1102, 0.1006, 0.1030, 0.1088, 0.0986, 0.0963,
         0.0995],
        [0.1020, 0.1069, 0.0741, 0.1102, 0.1006, 0.1030, 0.1088, 0.0986, 0.0963,
         0.0995],
        [0.1020, 0.1069, 0.0741, 0.1102, 0.1006, 0.1030, 0.1088, 0.0986, 0.0963,
         0.0995],
        [0.1020, 0.1069, 0.0741, 0.1102, 0.1006, 0.1030, 0.1088, 0.0986, 0.0963,
         0.0995],
        [0.1020, 0.1069, 0.0741, 0.1102, 0.1006, 0.1030, 0.1088, 0.0986, 0.0963,
         0.0995],
        [0.1020, 0.1069, 0.0741, 0.1102, 0.1006, 0.1030, 0.1088, 0.0986, 0.0963,
         0.0995],
        [0.1020, 0.1069, 0.0741, 0.1102, 0.1006, 0.1030, 0.1088, 0.0986, 0.0963,
         0.0995],
        [0.1020, 0.1069, 0.0741, 0.1102, 0.1006, 0.1030, 0.1088, 0.0986, 0.0963,
         0.0995],
        [0.1020, 0.1069, 0.0741, 0.1102, 0.1006, 0.1030, 0.1088, 0.0986, 0.0963,
         0.0995],
        [0.1020, 0.1069, 0.0741, 0.1102, 0.1006, 0.1030, 0.1088, 0.0986, 0.0963,
         0.0995],
        [0.1020, 0.1069, 0.0741, 0.1102, 0.1006, 0.1030, 0.1088, 0.0986, 0.0963,
         0.0995],
        [0.1020, 0.1069, 0.0741, 0.1102, 0.1006, 0.1030, 0.1088, 0.0986, 0.0963,
         0.0995],
        [0.1020, 0.1069, 0.0741, 0.1102, 0.1006, 0.1030, 0.1088, 0.0986, 0.0963,
         0.0995],
        [0.1020, 0.1069, 0.0741, 0.1102, 0.1006, 0.1030, 0.1088, 0.0986, 0.0963,
         0.0995],
        [0.1020, 0.1069, 0.0741, 0.1102, 0.1006, 0.1030, 0.1088, 0.0986, 0.0963,
         0.0995],
        [0.1020, 0.1069, 0.0741, 0.1102, 0.1006, 0.1030, 0.1088, 0.0986, 0.0963,
         0.0995],
        [0.1020, 0.1069, 0.0741, 0.1102, 0.1006, 0.1030, 0.1088, 0.0986, 0.0963,
         0.0995],
        [0.1020, 0.1069, 0.0741, 0.1102, 0.1006, 0.1030, 0.1088, 0.0986, 0.0963,
         0.0995],
        [0.1020, 0.1069, 0.0741, 0.1102, 0.1006, 0.1030, 0.1088, 0.0986, 0.0963,
         0.0995],
        [0.1020, 0.1069, 0.0741, 0.1102, 0.1006, 0.1030, 0.1088, 0.0986, 0.0963,
         0.0995],
        [0.1020, 0.1069, 0.0741, 0.1102, 0.1006, 0.1030, 0.1088, 0.0986, 0.0963,
         0.0995],
        [0.1020, 0.1069, 0.0741, 0.1102, 0.1006, 0.1030, 0.1088, 0.0986, 0.0963,
         0.0995]], device='cuda:0', grad_fn=<SoftmaxBackward>)
>> best accuracy: 11.883333333333333	best epoch: 0

>> final recovery rate: 19.955555555555556%
>> val epoch: 15
>> current accuracy: 9.950000000000001%
outputs: tensor([[0.1005, 0.0951, 0.1047, 0.0913, 0.1076, 0.0947, 0.0911, 0.1061, 0.1093,
         0.0996],
        [0.1005, 0.0951, 0.1047, 0.0913, 0.1076, 0.0947, 0.0911, 0.1061, 0.1093,
         0.0996],
        [0.1005, 0.0951, 0.1047, 0.0913, 0.1076, 0.0947, 0.0911, 0.1061, 0.1093,
         0.0996],
        [0.1005, 0.0951, 0.1047, 0.0913, 0.1076, 0.0947, 0.0911, 0.1061, 0.1093,
         0.0996],
        [0.1005, 0.0951, 0.1047, 0.0913, 0.1076, 0.0947, 0.0911, 0.1061, 0.1093,
         0.0996],
        [0.1005, 0.0951, 0.1047, 0.0913, 0.1076, 0.0947, 0.0911, 0.1061, 0.1093,
         0.0996],
        [0.1005, 0.0951, 0.1047, 0.0913, 0.1076, 0.0947, 0.0911, 0.1061, 0.1093,
         0.0996],
        [0.1005, 0.0951, 0.1047, 0.0913, 0.1076, 0.0947, 0.0911, 0.1061, 0.1093,
         0.0996],
        [0.1005, 0.0951, 0.1047, 0.0913, 0.1076, 0.0947, 0.0911, 0.1061, 0.1093,
         0.0996],
        [0.1005, 0.0951, 0.1047, 0.0913, 0.1076, 0.0947, 0.0911, 0.1061, 0.1093,
         0.0996],
        [0.1005, 0.0951, 0.1047, 0.0913, 0.1076, 0.0947, 0.0911, 0.1061, 0.1093,
         0.0996],
        [0.1005, 0.0951, 0.1047, 0.0913, 0.1076, 0.0947, 0.0911, 0.1061, 0.1093,
         0.0996],
        [0.1005, 0.0951, 0.1047, 0.0913, 0.1076, 0.0947, 0.0911, 0.1061, 0.1093,
         0.0996],
        [0.1005, 0.0951, 0.1047, 0.0913, 0.1076, 0.0947, 0.0911, 0.1061, 0.1093,
         0.0996],
        [0.1005, 0.0951, 0.1047, 0.0913, 0.1076, 0.0947, 0.0911, 0.1061, 0.1093,
         0.0996],
        [0.1005, 0.0951, 0.1047, 0.0913, 0.1076, 0.0947, 0.0911, 0.1061, 0.1093,
         0.0996],
        [0.1005, 0.0951, 0.1047, 0.0913, 0.1076, 0.0947, 0.0911, 0.1061, 0.1093,
         0.0996],
        [0.1005, 0.0951, 0.1047, 0.0913, 0.1076, 0.0947, 0.0911, 0.1061, 0.1093,
         0.0996],
        [0.1005, 0.0951, 0.1047, 0.0913, 0.1076, 0.0947, 0.0911, 0.1061, 0.1093,
         0.0996],
        [0.1005, 0.0951, 0.1047, 0.0913, 0.1076, 0.0947, 0.0911, 0.1061, 0.1093,
         0.0996],
        [0.1005, 0.0951, 0.1047, 0.0913, 0.1076, 0.0947, 0.0911, 0.1061, 0.1093,
         0.0996],
        [0.1005, 0.0951, 0.1047, 0.0913, 0.1076, 0.0947, 0.0911, 0.1061, 0.1093,
         0.0996],
        [0.1005, 0.0951, 0.1047, 0.0913, 0.1076, 0.0947, 0.0911, 0.1061, 0.1093,
         0.0996],
        [0.1005, 0.0951, 0.1047, 0.0913, 0.1076, 0.0947, 0.0911, 0.1061, 0.1093,
         0.0996],
        [0.1005, 0.0951, 0.1047, 0.0913, 0.1076, 0.0947, 0.0911, 0.1061, 0.1093,
         0.0996],
        [0.1005, 0.0951, 0.1047, 0.0913, 0.1076, 0.0947, 0.0911, 0.1061, 0.1093,
         0.0996],
        [0.1005, 0.0951, 0.1047, 0.0913, 0.1076, 0.0947, 0.0911, 0.1061, 0.1093,
         0.0996],
        [0.1005, 0.0951, 0.1047, 0.0913, 0.1076, 0.0947, 0.0911, 0.1061, 0.1093,
         0.0996],
        [0.1005, 0.0951, 0.1047, 0.0913, 0.1076, 0.0947, 0.0911, 0.1061, 0.1093,
         0.0996],
        [0.1005, 0.0951, 0.1047, 0.0913, 0.1076, 0.0947, 0.0911, 0.1061, 0.1093,
         0.0996],
        [0.1005, 0.0951, 0.1047, 0.0913, 0.1076, 0.0947, 0.0911, 0.1061, 0.1093,
         0.0996],
        [0.1005, 0.0951, 0.1047, 0.0913, 0.1076, 0.0947, 0.0911, 0.1061, 0.1093,
         0.0996],
        [0.1005, 0.0951, 0.1047, 0.0913, 0.1076, 0.0947, 0.0911, 0.1061, 0.1093,
         0.0996],
        [0.1005, 0.0951, 0.1047, 0.0913, 0.1076, 0.0947, 0.0911, 0.1061, 0.1093,
         0.0996],
        [0.1005, 0.0951, 0.1047, 0.0913, 0.1076, 0.0947, 0.0911, 0.1061, 0.1093,
         0.0996],
        [0.1005, 0.0951, 0.1047, 0.0913, 0.1076, 0.0947, 0.0911, 0.1061, 0.1093,
         0.0996],
        [0.1005, 0.0951, 0.1047, 0.0913, 0.1076, 0.0947, 0.0911, 0.1061, 0.1093,
         0.0996],
        [0.1005, 0.0951, 0.1047, 0.0913, 0.1076, 0.0947, 0.0911, 0.1061, 0.1093,
         0.0996],
        [0.1005, 0.0951, 0.1047, 0.0913, 0.1076, 0.0947, 0.0911, 0.1061, 0.1093,
         0.0996],
        [0.1005, 0.0951, 0.1047, 0.0913, 0.1076, 0.0947, 0.0911, 0.1061, 0.1093,
         0.0996],
        [0.1005, 0.0951, 0.1047, 0.0913, 0.1076, 0.0947, 0.0911, 0.1061, 0.1093,
         0.0996],
        [0.1005, 0.0951, 0.1047, 0.0913, 0.1076, 0.0947, 0.0911, 0.1061, 0.1093,
         0.0996],
        [0.1005, 0.0951, 0.1047, 0.0913, 0.1076, 0.0947, 0.0911, 0.1061, 0.1093,
         0.0996],
        [0.1005, 0.0951, 0.1047, 0.0913, 0.1076, 0.0947, 0.0911, 0.1061, 0.1093,
         0.0996],
        [0.1005, 0.0951, 0.1047, 0.0913, 0.1076, 0.0947, 0.0911, 0.1061, 0.1093,
         0.0996],
        [0.1005, 0.0951, 0.1047, 0.0913, 0.1076, 0.0947, 0.0911, 0.1061, 0.1093,
         0.0996],
        [0.1005, 0.0951, 0.1047, 0.0913, 0.1076, 0.0947, 0.0911, 0.1061, 0.1093,
         0.0996],
        [0.1005, 0.0951, 0.1047, 0.0913, 0.1076, 0.0947, 0.0911, 0.1061, 0.1093,
         0.0996]], device='cuda:0', grad_fn=<SoftmaxBackward>)
>> best accuracy: 11.883333333333333	best epoch: 0

>> final recovery rate: 19.955555555555556%
>> val epoch: 20
>> current accuracy: 9.516666666666666%
outputs: tensor([[0.0951, 0.1078, 0.0904, 0.1077, 0.0884, 0.1080, 0.1147, 0.0876, 0.0987,
         0.1015],
        [0.0951, 0.1078, 0.0904, 0.1077, 0.0884, 0.1080, 0.1147, 0.0876, 0.0987,
         0.1015],
        [0.0951, 0.1078, 0.0904, 0.1077, 0.0884, 0.1080, 0.1147, 0.0876, 0.0987,
         0.1015],
        [0.0951, 0.1078, 0.0904, 0.1077, 0.0884, 0.1080, 0.1147, 0.0876, 0.0987,
         0.1015],
        [0.0951, 0.1078, 0.0904, 0.1077, 0.0884, 0.1080, 0.1147, 0.0876, 0.0987,
         0.1015],
        [0.0951, 0.1078, 0.0904, 0.1077, 0.0884, 0.1080, 0.1147, 0.0876, 0.0987,
         0.1015],
        [0.0951, 0.1078, 0.0904, 0.1077, 0.0884, 0.1080, 0.1147, 0.0876, 0.0987,
         0.1015],
        [0.0951, 0.1078, 0.0904, 0.1077, 0.0884, 0.1080, 0.1147, 0.0876, 0.0987,
         0.1015],
        [0.0951, 0.1078, 0.0904, 0.1077, 0.0884, 0.1080, 0.1147, 0.0876, 0.0987,
         0.1015],
        [0.0951, 0.1078, 0.0904, 0.1077, 0.0884, 0.1080, 0.1147, 0.0876, 0.0987,
         0.1015],
        [0.0951, 0.1078, 0.0904, 0.1077, 0.0884, 0.1080, 0.1147, 0.0876, 0.0987,
         0.1015],
        [0.0951, 0.1078, 0.0904, 0.1077, 0.0884, 0.1080, 0.1147, 0.0876, 0.0987,
         0.1015],
        [0.0951, 0.1078, 0.0904, 0.1077, 0.0884, 0.1080, 0.1147, 0.0876, 0.0987,
         0.1015],
        [0.0951, 0.1078, 0.0904, 0.1077, 0.0884, 0.1080, 0.1147, 0.0876, 0.0987,
         0.1015],
        [0.0951, 0.1078, 0.0904, 0.1077, 0.0884, 0.1080, 0.1147, 0.0876, 0.0987,
         0.1015],
        [0.0951, 0.1078, 0.0904, 0.1077, 0.0884, 0.1080, 0.1147, 0.0876, 0.0987,
         0.1015],
        [0.0951, 0.1078, 0.0904, 0.1077, 0.0884, 0.1080, 0.1147, 0.0876, 0.0987,
         0.1015],
        [0.0951, 0.1078, 0.0904, 0.1077, 0.0884, 0.1080, 0.1147, 0.0876, 0.0987,
         0.1015],
        [0.0951, 0.1078, 0.0904, 0.1077, 0.0884, 0.1080, 0.1147, 0.0876, 0.0987,
         0.1015],
        [0.0951, 0.1078, 0.0904, 0.1077, 0.0884, 0.1080, 0.1147, 0.0876, 0.0987,
         0.1015],
        [0.0951, 0.1078, 0.0904, 0.1077, 0.0884, 0.1080, 0.1147, 0.0876, 0.0987,
         0.1015],
        [0.0951, 0.1078, 0.0904, 0.1077, 0.0884, 0.1080, 0.1147, 0.0876, 0.0987,
         0.1015],
        [0.0951, 0.1078, 0.0904, 0.1077, 0.0884, 0.1080, 0.1147, 0.0876, 0.0987,
         0.1015],
        [0.0951, 0.1078, 0.0904, 0.1077, 0.0884, 0.1080, 0.1147, 0.0876, 0.0987,
         0.1015],
        [0.0951, 0.1078, 0.0904, 0.1077, 0.0884, 0.1080, 0.1147, 0.0876, 0.0987,
         0.1015],
        [0.0951, 0.1078, 0.0904, 0.1077, 0.0884, 0.1080, 0.1147, 0.0876, 0.0987,
         0.1015],
        [0.0951, 0.1078, 0.0904, 0.1077, 0.0884, 0.1080, 0.1147, 0.0876, 0.0987,
         0.1015],
        [0.0951, 0.1078, 0.0904, 0.1077, 0.0884, 0.1080, 0.1147, 0.0876, 0.0987,
         0.1015],
        [0.0951, 0.1078, 0.0904, 0.1077, 0.0884, 0.1080, 0.1147, 0.0876, 0.0987,
         0.1015],
        [0.0951, 0.1078, 0.0904, 0.1077, 0.0884, 0.1080, 0.1147, 0.0876, 0.0987,
         0.1015],
        [0.0951, 0.1078, 0.0904, 0.1077, 0.0884, 0.1080, 0.1147, 0.0876, 0.0987,
         0.1015],
        [0.0951, 0.1078, 0.0904, 0.1077, 0.0884, 0.1080, 0.1147, 0.0876, 0.0987,
         0.1015],
        [0.0951, 0.1078, 0.0904, 0.1077, 0.0884, 0.1080, 0.1147, 0.0876, 0.0987,
         0.1015],
        [0.0951, 0.1078, 0.0904, 0.1077, 0.0884, 0.1080, 0.1147, 0.0876, 0.0987,
         0.1015],
        [0.0951, 0.1078, 0.0904, 0.1077, 0.0884, 0.1080, 0.1147, 0.0876, 0.0987,
         0.1015],
        [0.0951, 0.1078, 0.0904, 0.1077, 0.0884, 0.1080, 0.1147, 0.0876, 0.0987,
         0.1015],
        [0.0951, 0.1078, 0.0904, 0.1077, 0.0884, 0.1080, 0.1147, 0.0876, 0.0987,
         0.1015],
        [0.0951, 0.1078, 0.0904, 0.1077, 0.0884, 0.1080, 0.1147, 0.0876, 0.0987,
         0.1015],
        [0.0951, 0.1078, 0.0904, 0.1077, 0.0884, 0.1080, 0.1147, 0.0876, 0.0987,
         0.1015],
        [0.0951, 0.1078, 0.0904, 0.1077, 0.0884, 0.1080, 0.1147, 0.0876, 0.0987,
         0.1015],
        [0.0951, 0.1078, 0.0904, 0.1077, 0.0884, 0.1080, 0.1147, 0.0876, 0.0987,
         0.1015],
        [0.0951, 0.1078, 0.0904, 0.1077, 0.0884, 0.1080, 0.1147, 0.0876, 0.0987,
         0.1015],
        [0.0951, 0.1078, 0.0904, 0.1077, 0.0884, 0.1080, 0.1147, 0.0876, 0.0987,
         0.1015],
        [0.0951, 0.1078, 0.0904, 0.1077, 0.0884, 0.1080, 0.1147, 0.0876, 0.0987,
         0.1015],
        [0.0951, 0.1078, 0.0904, 0.1077, 0.0884, 0.1080, 0.1147, 0.0876, 0.0987,
         0.1015],
        [0.0951, 0.1078, 0.0904, 0.1077, 0.0884, 0.1080, 0.1147, 0.0876, 0.0987,
         0.1015],
        [0.0951, 0.1078, 0.0904, 0.1077, 0.0884, 0.1080, 0.1147, 0.0876, 0.0987,
         0.1015],
        [0.0951, 0.1078, 0.0904, 0.1077, 0.0884, 0.1080, 0.1147, 0.0876, 0.0987,
         0.1015]], device='cuda:0', grad_fn=<SoftmaxBackward>)
>> best accuracy: 11.883333333333333	best epoch: 0

>> final recovery rate: 19.955555555555556%
